Site ID,DaysInto2017,BT_Ratio_daily_average
26,1,1.2696167913333334
26,2,1.4057800456666667
26,10,1.14723286075
26,11,0.8962105467727273
26,12,0.6075603959545455
26,13,0.4374672635
26,14,0.62634957925
26,15,1.231211197368421
26,16,1.0212336362727272
26,17,2.4734371179
26,18,0.7156104920909091
26,19,1.0157669105238096
26,20,0.605388432
26,21,0.8126915367
26,22,1.0435628264285715
26,23,0.6479527762272728
26,24,1.4723644074285713
26,25,1.247441040090909
26,26,1.3074761845
26,27,1.8248528244999997
26,28,0.73091514365
26,29,0.9483152578095239
26,30,0.8002295629545454
26,31,0.8094212508571429
26,32,0.9578090826363636
26,33,1.4568821479999998
26,34,0.9554802440454545
26,35,1.2984577448421053
26,36,1.1352857628571429
26,37,0.8332197125
26,38,0.8102541523636364
26,39,0.8168543053333334
26,40,1.2098326631818181
26,41,0.6025855888636363
26,42,0.73737335515
26,43,1.0164879175238095
26,44,0.6920880715454545
26,45,0.6360971567142857
26,46,1.757815045846154
26,47,1.1639317596818182
26,48,0.8299419258181818
26,49,1.20375923085
26,50,0.939404632
26,51,0.8257611590454546
26,52,0.8182288637272727
26,53,0.5184357417727272
26,54,0.9044909858000001
26,55,0.9936854092727273
26,56,1.6787301209999999
26,57,1.6864564124761905
26,58,0.6516913067857143
26,60,1.9452731265
26,61,2.487715215954545
26,62,1.4559565411363637
26,63,1.9070110514
26,64,2.002378301904762
26,65,1.1238938372272729
26,66,2.014773532772727
26,67,1.4857960399545453
26,68,0.7593449483181818
26,69,1.47149569
26,70,2.07141272625
26,72,1.61028794925
26,73,1.5285382702727275
26,74,0.8950513360454546
26,75,1.0175144894545456
26,76,1.3047485992727272
26,77,0.92484905675
26,78,1.0456584040952381
26,79,2.05440486505
26,80,1.0889018836190476
26,81,0.9204898345
26,82,0.9439123855454546
26,83,1.2305660093636364
26,84,1.6397151841
26,85,1.67538096915
26,86,1.1949315039090909
26,87,0.9526161711818181
26,88,0.8619024291818181
26,89,0.8411728036999999
26,90,1.0536202787272728
26,91,1.2906797115
26,92,1.0077859092
26,93,1.0427922401818182
26,94,1.017353636909091
26,95,1.1265130282727271
26,96,1.107753457
26,97,1.5743587577727274
26,98,1.2805428698
26,99,1.575971316142857
26,100,0.9450748716818183
26,101,0.9663135558636363
26,102,1.693262048318182
26,103,0.79652225
26,104,1.2177640055909091
26,105,1.171540347
26,106,1.2264601881904762
26,107,1.0412612023636363
26,108,0.4290101222272727
26,109,0.7791569783636363
26,110,0.9337718540454546
26,111,0.7617552681363636
26,112,1.14321952425
26,113,1.4659166746190475
26,114,0.9095370070000001
26,115,0.7705066633181819
26,116,1.1126650866818182
26,117,1.3437863441363636
26,118,1.2599020326363635
26,119,0.71143763465
26,120,1.0076828686666668
26,121,0.7436029108181818
26,122,0.7044918193181818
26,123,1.3780097802380953
26,124,0.9848151013636364
26,125,0.9604157087727273
26,126,1.6042253884000002
26,127,1.651753917952381
26,128,1.0256326908636364
26,129,0.7979109294090908
26,130,0.6613065116363637
26,131,0.582630362
26,132,0.7655113735454545
26,133,1.31200722345
26,134,1.3013862276190475
26,135,1.1479717666666667
26,136,1.1445099030454544
26,137,0.8624322431363637
26,138,0.6542305382272727
26,139,0.5811445397727273
26,140,1.1797622134
26,141,3.4226885665238096
26,142,1.4360324853809523
26,143,1.3563500547272727
26,144,0.3464821890454546
26,145,1.5882443825263157
26,146,0.9467382064545454
26,147,0.7921018493
26,148,1.3915742455238094
26,149,1.1407536205
26,150,1.5397426608636364
26,151,1.4635178361818182
26,152,0.48498585763636365
26,153,1.4447480920454545
26,154,1.9861875444500001
26,155,0.8218703749523809
26,156,0.7354989148636364
26,157,1.3014003521363635
26,158,1.9179443867272725
26,159,1.4436924635454547
26,160,0.583259815047619
26,161,1.32172730545
26,162,0.9316181994761905
26,163,0.6092835753636364
26,164,1.1340967206190475
26,165,0.38562407414285715
26,166,0.7046372288636363
26,167,0.8977120294545454
26,168,1.0305633808999999
26,169,0.626724186952381
26,170,0.9380460446363638
26,171,2.0093027278636364
26,172,1.5966127024999999
26,173,0.5412204735
26,174,0.6458763307272727
26,175,1.5201238298
26,176,2.1925035012380953
26,177,2.9997874830909086
26,178,1.2669318526818183
26,179,1.2146410551818183
26,180,0.6005741987272727
26,181,0.48697071277272724
26,182,0.597936304
26,183,1.0424560117619048
26,184,0.8722994665909091
26,185,1.1611899864090909
26,186,0.9006210785909091
26,187,0.6873507126818181
26,188,0.9223476781363636
26,189,0.5726737803999999
26,190,1.034306529190476
26,191,1.2380248887727274
26,192,0.7129110540454545
26,193,1.028889408952381
26,194,1.2077868667727272
26,195,2.0877511202272725
26,196,0.9192769639
26,197,1.846671742
26,198,1.6143008236363636
26,199,1.3596068385454545
26,200,9.855642842818183
26,201,1.7811931110454544
26,202,1.4659094281818184
26,203,0.8885691809
26,204,2.2717712897619045
26,205,0.8534240087727273
26,206,1.3123268917727273
26,207,1.433389343318182
26,208,1.239909940409091
26,209,0.8371418377727273
26,210,0.9604777006999999
26,211,1.447336325904762
26,212,2.117422524590909
26,213,1.1020639877727272
26,214,2.4574923590454545
26,215,1.8819562425
26,216,0.9238140023636364
26,217,1.2889717348
26,218,1.0344796941666667
26,219,0.6554957055454546
26,220,1.2314916929583333
26,221,0.71988932
26,222,1.140795709142857
26,223,0.7399336107727272
26,224,0.936468161
26,225,1.1858335156190476
26,226,1.6292939055909093
26,227,0.821804307090909
26,228,0.5280374292272727
26,229,0.8562491619545455
26,230,1.169658371952381
26,231,0.38654462700000003
26,250,2.552350780210526
26,251,4.4766943550454545
26,252,4.679733490199999
26,253,1.8624779205714286
26,254,1.6445397585500001
26,255,0.6948313984090909
26,256,0.7306390324285714
26,257,0.7618889751818181
26,258,0.9548046511363637
26,259,1.46777117235
26,260,1.4922790136666666
26,261,0.6073202695
26,263,1.9619468364545454
26,264,0.7187628648181819
26,265,0.6393513762272728
26,266,0.8786462392307691
26,268,0.762120691375
26,269,0.7358284180000001
26,270,0.7609881996153847
26,271,0.8231076995384616
26,272,3.275309418590909
26,276,0.9765811272272727
26,277,1.3609210868636363
26,278,1.2752944712666665
26,279,0.7469567831666666
26,280,1.4533614998888889
26,285,1.331699845125
26,286,2.0831440304090907
26,287,1.3895341509499999
26,288,1.2929645636666667
26,289,2.403991911363636
26,290,3.360235946
26,291,1.726460994318182
26,292,1.1287151083181817
26,293,1.3789116489545454
26,294,1.0170070292
26,295,1.4475926139523811
26,296,1.1000058975
26,297,1.1119178535454546
26,298,1.0438088927058824
26,299,0.6756591859545454
26,300,1.4595495966818184
26,301,2.0792026054
26,302,1.909379338047619
26,303,1.046456690590909
26,304,1.0362618836190476
26,305,0.744607668952381
26,308,0.9525173613333333
26,309,0.8066338135714285
26,310,1.5088381305909093
26,311,3.415292843681818
26,312,1.4764646241363637
26,313,1.5770402419090912
26,314,2.0216892201111114
26,315,1.6099969285
26,316,1.1885851996190477
57,1,1.761625604263158
57,2,0.8013249987272727
57,3,0.38802328027272726
57,4,0.7250366139545454
57,5,0.7278724421818182
57,6,1.0084094017727272
57,7,0.9946636339999999
57,8,0.9979203128095239
57,9,1.089080175
57,10,0.46717823199999997
57,11,0.9781572505909092
57,12,1.4815973533636362
57,13,1.6403533898636367
57,14,0.8522840069000001
57,15,6.86003282404762
57,16,1.7350450894545455
57,17,0.6998077504545455
57,18,0.8607585060909091
57,19,0.9674851801818182
57,20,0.6050051414090909
57,21,0.9546762964
57,22,0.466290752047619
57,23,0.4363044345
57,24,1.676137943090909
57,25,0.5477496234444444
57,26,0.535045099952381
57,27,0.7323346612272726
57,28,0.53554549835
57,29,0.5809209207619047
57,30,0.33004797957142856
57,31,0.4611225540909091
57,32,0.7156910516818182
57,33,0.5624311216363637
57,34,1.036752327
57,35,0.6085374907000001
57,36,0.8716432234761905
57,37,0.5506781172727272
57,38,0.24663873938095235
57,39,0.3791087899090909
57,40,1.1387393152727272
57,41,1.0231813072272726
57,42,0.30226016635
57,43,0.7847450024285714
57,44,1.3341808353181819
57,45,1.7706957641764707
57,46,0.6089946855
57,47,0.6662428504090909
57,48,0.7079985049545454
57,49,0.731421561
57,50,1.3921608065238096
57,51,0.9527077322272727
57,52,0.47476136195454544
57,53,0.4754331846363636
57,54,1.0400777181363636
57,55,0.7863694565454545
57,56,0.80592679055
57,57,2.187458149571429
57,58,2.1035629405
57,59,0.7733610697272727
57,60,0.5266829040000001
57,65,1.1693177289523808
57,66,0.8206794081818182
57,67,0.7500088741363636
57,68,1.0644781134545456
57,69,0.7998405665
57,70,0.9997934794999999
57,71,0.9067960568571429
57,72,0.5961280586363636
57,73,1.0335397539545454
57,74,0.8279770887272728
57,75,0.777009472090909
57,76,2.860101897
57,77,0.9460958712
57,78,0.7374879085238095
57,79,0.34459042781818183
57,80,0.4678792648636364
57,81,0.6536106265
57,82,1.1529539757272727
57,83,0.7529188917727272
57,84,0.54843929255
57,85,1.4666877374761904
57,86,1.2721872845000002
57,87,2.0839852853181817
57,88,0.7502442712727273
57,89,0.4173786961818182
57,90,0.8087249492727273
57,91,1.22633341485
57,92,0.8408948583333333
57,93,0.39325412890909095
57,94,1.6096723079090909
57,95,0.48607812022727276
57,96,0.3583509278181818
57,97,0.5860930053636364
57,98,1.3267269014
57,99,2.1415139707999997
57,100,1.2562367490454547
57,101,0.7523332184545454
57,102,0.7674590424090909
57,103,1.074561718368421
57,104,1.0124858809545456
57,105,1.8624663273499997
57,106,1.759324983047619
57,107,0.8886371340454545
57,108,1.6853251162727274
57,109,2.3315647960952384
57,110,0.9290043197727272
57,111,1.2075215488181819
57,112,0.36275711565
57,113,0.532123633
57,114,0.3784834251818182
57,115,0.7049426542272728
57,116,0.49716270231818177
57,117,0.8597260877272728
57,118,1.6611745161363636
57,119,1.50607596305
57,120,0.4179101604285715
57,121,0.4985684018636363
57,122,1.9955427916363637
57,123,0.8143224075909091
57,124,0.24762154663636363
57,125,0.2745443760909091
57,126,0.6209824047000001
57,127,0.6650103765714286
57,128,0.8921038413636364
57,129,1.7075429437272727
57,130,1.8280539806363636
57,131,1.843683752409091
57,132,0.3121608412272727
57,133,0.4937476594
57,134,0.9194707111428573
57,135,1.3926230375
57,136,3.3518535798181817
57,137,1.4299002901818183
57,138,1.6622588173181818
57,139,1.4930029523636363
57,140,2.4189287941
57,141,0.6890631532857143
57,145,0.7518029476428572
57,146,1.362101732875
57,147,0.9008853594999999
57,148,1.2415721212380952
57,149,0.6035447541363635
57,150,0.7745656982666667
57,151,0.8979710442
57,153,1.2534617182857144
57,154,1.8142498492
57,155,1.9453978464285715
57,156,0.5033922726363637
57,157,0.438636099
57,158,0.36933183522727275
57,159,0.7290681081333333
57,160,1.4084075918636363
57,161,2.30457814655
57,162,1.0352420915714287
57,163,2.4217490749444446
57,164,0.9961482158000001
57,165,0.8837879048666667
57,166,0.49996731418181817
57,167,0.3849070175454546
57,168,0.57774466365
57,169,0.9361258604761905
57,170,0.7681456321818182
57,171,0.4661916844090909
57,172,0.2560567754090909
57,173,0.4170682386363636
57,174,0.9639839311363635
57,175,0.7407579596
57,176,0.7076772559047619
57,177,0.9905324408181819
57,178,0.9001718107272727
57,179,0.6305533801818182
57,182,1.120736851
57,183,1.2018669413809524
57,184,0.6787001054090909
57,185,0.643833948
57,186,0.7061770554545455
57,187,1.0510340410909091
57,188,0.5675158722727273
57,189,0.3486409465
57,190,0.7933945875714286
57,191,1.6598624569090907
57,192,0.924902041590909
57,193,1.574470062318182
57,194,1.5853586305714287
57,195,0.5767835775
57,196,0.38954094515
57,198,1.4109651862272727
57,199,0.7792053787727272
57,200,0.5976100575625
57,201,0.5682714586818182
57,202,0.4492453950909091
57,203,0.38156611799999995
57,204,0.2541668051904762
57,205,0.2603300909090909
57,206,0.5769546673181818
57,207,0.6771116828181818
57,208,0.357644243
57,209,0.42389704015384616
57,210,0.65662044605
57,211,0.45687521933333336
57,216,2.1447013805
57,217,0.9294499402631577
57,218,0.8773473448095239
57,219,0.5397912515714286
57,220,0.0171768819
57,221,0.040892637818181816
57,222,0.5719079213999999
57,223,0.19404788772727272
57,224,0.26558466615
57,225,0.26675709000000003
57,226,0.29026225413636364
57,227,0.3046169803636363
57,228,0.4248879007727273
57,229,0.17774990377272729
57,230,0.3373125488181818
57,231,0.95533259805
57,232,0.8759713963809523
57,233,1.1914907481818182
57,234,0.7313528514545454
57,235,0.2099546107272727
57,243,0.6477376985000001
57,244,0.3762752752
57,245,0.38438043605
57,246,0.5991878940476191
57,247,0.7233489753636364
57,248,0.4534365571818182
57,249,0.5438093705
57,250,0.5132770608125
57,251,0.6053003622727272
57,252,0.65040306515
57,253,0.5754630132857143
57,254,0.3819097646363636
57,255,0.32933993377272724
57,256,0.2761815396363636
57,257,1.2615782115
57,258,0.8035445608
57,259,0.8754715560999999
57,260,0.8285569555238096
57,261,0.709727327409091
57,262,0.7185828343636363
57,263,1.115672411090909
57,264,1.4975217952272728
57,265,1.6113674262727273
57,266,1.4638167272499998
57,267,2.023068634142857
57,268,1.7701780390909092
57,269,1.4278189540000001
57,270,0.6749795867727273
57,271,0.3633825227894737
57,275,0.75250640045
57,276,0.5392991779090909
57,277,1.3663851767727273
57,278,0.8124252187272727
57,279,0.7752648240454545
57,280,0.3761615586
57,281,0.6861186918571429
57,282,0.8230944275
57,283,0.886616313090909
57,284,0.38598815090909094
57,285,1.4031451886363635
57,286,1.0040137814545453
57,287,1.497956318631579
57,288,1.101257027095238
57,289,0.4998431642272727
57,290,0.42100369181818187
57,291,1.012389716818182
57,292,0.49983464590909094
57,293,1.0925711902272728
57,294,0.8203417545
57,295,0.5007768539047619
57,296,0.39339838813636363
57,297,0.28796948245454546
57,298,0.3228087704545455
57,299,0.2999804559090909
57,300,0.5978743749523809
57,301,0.4077877452
57,302,0.32563240319047615
57,303,0.8996876713636364
57,304,1.3007238557727272
57,305,0.2744494921818182
57,306,0.2871668042727273
57,307,0.4428250865909091
57,308,0.314160975
57,309,0.3124808648095238
57,310,0.24357584822727274
57,311,0.30642658872727274
57,312,0.49472616536363634
57,313,0.4968025420909091
57,314,0.842186636818182
57,315,0.7444666351
57,316,0.8766397495238094
57,317,0.7145693841538462
57,318,1.3479253813181817
57,319,2.134796960818182
57,320,1.5082038684999999
57,321,0.8391618141363637
57,322,0.2892861828
57,323,0.6133526942380951
57,324,0.5307297779090909
57,325,0.7324429563333333
57,326,0.6614840255909091
57,327,0.6165973259545455
57,328,0.6385867169545455
57,329,1.74115603755
57,330,0.6206755371904762
57,331,0.8046492123636363
57,332,0.5572385475454545
57,333,0.5479231675454546
57,334,0.31644690104545453
57,335,0.8744002093636364
57,336,0.8885277905500001
57,337,0.8924165350476191
57,338,1.7757315864545455
57,339,0.47624027277272724
57,340,0.5815974508571429
57,341,0.585636961909091
57,342,0.5826147162727273
57,343,0.32652434934999996
57,344,0.4080542303809524
57,345,0.22634085754545455
57,346,0.3588646135909091
57,347,0.23910449086363636
57,348,0.2979936250454545
57,349,0.5477706576818182
57,350,0.7451651867
57,351,0.6802173415238095
57,352,0.6970210844545455
57,353,0.43968423036363635
57,354,0.32684531045454546
57,355,0.5189192104545455
57,356,0.4353304868636364
57,357,0.5002923185
57,358,0.8077614238095239
57,359,0.7875143117727272
57,360,0.8910155956363636
57,361,0.8110132108181819
57,362,0.7788590556818182
57,363,0.9564944615000001
57,364,0.7203999976500001
57,365,0.9879737387142858
69,1,0.7053319109047619
69,2,0.3639472282272727
69,3,0.4032282862272727
69,4,0.6339220114090909
69,5,0.5844335227727272
69,6,0.7064348807272727
69,7,0.84263140865
69,8,1.100997647
69,9,0.7579969262727272
69,10,0.8906857133333335
69,11,0.7872379277272727
69,12,0.7244730631818181
69,13,0.6076859592083333
69,14,0.5081365821
69,15,0.6615788331428571
69,16,0.9473835649545456
69,17,0.6732948095909091
69,18,0.5295404421363636
69,19,0.5592800978636364
69,20,0.6538079262727273
69,21,0.6319256850499999
69,22,0.7630201410476192
69,23,0.5483489900454545
69,24,0.8222850873181818
69,25,0.5299247101818182
69,26,0.4883029027272727
69,27,0.4932532944090909
69,28,0.5370476613
69,29,0.5413944711428572
69,30,0.5612798288636364
69,31,0.8305323142727272
69,32,0.7527885616363637
69,33,0.49865487518181817
69,34,0.8003601916086956
69,35,0.8697201903
69,36,0.7942671100476191
69,37,0.7075348448095239
69,38,0.5347068612272727
69,39,0.6044875613636363
69,40,0.9383713838181819
69,41,0.7735821291363636
69,42,0.4122740619
69,43,0.8530507298571428
69,44,0.7370872147499999
69,48,0.8079630875833334
69,49,0.6321670076
69,50,0.6332851382857143
69,51,0.6326911368095238
69,52,0.38953106140909094
69,53,0.36977939185714287
69,54,0.7813658223636364
69,55,0.5224659896363636
69,56,0.71097870575
69,57,0.9580953875714286
69,58,0.5217795478636363
69,59,0.6794786819090909
69,60,0.5773755427272728
69,61,0.6367991684090909
69,62,1.0174937287272727
69,63,0.94404546495
69,64,0.7798106864285714
69,65,0.7278827926363637
69,66,0.696571933
69,67,0.9261559655454547
69,68,0.7905439362272727
69,69,0.7048320763636364
69,70,0.6402192432
69,71,0.7863775215714286
69,72,0.5136765181818181
69,73,0.6437678519545454
69,74,0.7181000717272727
69,75,0.5980547484090909
69,76,0.7229160970952381
69,77,0.6953129658
69,78,0.8196432272380951
69,79,1.0051342121363636
69,80,0.5717623970454545
69,81,0.6351343800909091
69,82,0.5912255932272727
69,83,0.8159606698636364
69,84,0.6543257615
69,85,1.317697099857143
69,86,1.0428042337727275
69,87,0.8822646783181818
69,88,0.7004093757083334
69,89,0.3073097525909091
69,90,0.748113546
69,91,0.7777593478
69,92,0.6662471820952381
69,93,0.6110847223181818
69,94,0.7578588973636364
69,95,0.30572730800000003
69,96,0.3394921574545455
69,97,0.7541368161363636
69,98,0.82074242905
69,99,0.7019544266666666
69,100,0.6477934046818181
69,101,0.6022567730909091
69,102,0.5472232464545455
69,103,0.5311309522857143
69,104,0.5148290547727273
69,105,0.3797280029
69,106,0.8688711027619048
69,107,0.43377666422727273
69,108,0.5400841033636363
69,109,0.48125445590909094
69,110,0.3123725741363636
69,111,0.23225261427272728
69,112,0.43629032214999997
69,113,0.9058026650952381
69,114,0.6041112476818182
69,115,0.4258376069545454
69,116,0.5590651679523809
69,117,0.6812334207727273
69,118,1.0766440899545453
69,119,0.7887313519
69,120,0.41370223457142863
69,121,0.6824160600454545
69,122,0.5611298926363637
69,123,0.5746494601363636
69,124,0.2541745582272727
69,125,0.32657124309090907
69,126,0.5496936552
69,127,0.7810200768571429
69,128,0.6338958797727273
69,129,0.7671348776818182
69,130,0.4991891312380952
69,131,0.39109289172727274
69,132,0.40591901946153847
69,133,0.53802750165
69,134,0.682732600047619
69,135,0.5155248998636364
69,136,0.3796357172272727
69,137,0.37742543645454546
69,138,0.38041735404545457
69,139,0.4450346773636364
69,140,0.36088377180000003
69,141,0.8494388068571429
69,142,0.5345947367727273
69,143,0.5550434912727273
69,144,0.2684973337727273
69,145,0.4417721227727273
69,146,0.4957548925909091
69,147,0.5075799814999999
69,148,0.5666896859523809
69,149,0.6074713796363637
69,150,0.7178173050000001
69,151,0.6947239011363636
69,152,0.6551183373181818
69,153,0.5649332989090909
69,154,0.54259232715
69,155,0.6455239230952381
69,156,0.38604513718181815
69,157,0.3546281218181818
69,158,0.48454616663636363
69,159,0.7776876581818182
69,160,0.5327845854545455
69,161,0.55817441655
69,162,0.43480864180952383
69,163,0.549582139
69,164,0.32591822622727273
69,165,0.17966892281818184
69,166,0.24055885872727273
69,167,0.22921038120833334
69,168,0.21422136625000002
69,169,0.28367014176190475
69,170,0.5527957660454546
69,171,0.6186515935909092
69,172,0.4271015858636364
69,173,0.3897732836818182
69,174,0.29027862254545456
69,175,0.47261372185
69,176,0.6863563482857143
69,177,0.9519426540454545
69,178,0.5026861657727273
69,179,0.5531535253636364
69,180,0.3315122891538461
69,188,0.2474925487894737
69,189,0.24679607705
69,190,0.3031331829047619
69,191,0.5399976437647059
69,192,0.21467880763636363
69,193,0.2041983118888889
69,194,0.22225448631818184
69,195,0.3227501115909091
69,196,0.26420400229999996
69,197,0.5774578507142858
69,198,0.4739273941428571
69,199,0.3381396820909091
69,200,0.28483361231818183
69,201,0.35917336222727275
69,202,0.21831733036363635
69,203,0.3179071838
69,204,0.2602427896190476
69,205,0.22954428431818183
69,206,0.24456393140909088
69,207,0.28943391476470587
69,208,0.39725060780000004
69,215,0.56808752825
69,216,0.6068014305294117
69,217,0.36701043415
69,218,0.37325949780952383
69,219,0.3608481976363636
69,220,0.32598563968181815
69,221,0.45211572625
69,222,0.39677436693333334
69,223,0.3149218427727272
69,224,0.451007644
69,227,0.164284218
69,228,0.17290201909523809
69,229,0.2808601373333333
69,230,0.560105899
69,231,0.27921690839999996
69,232,0.45383337371428567
69,233,0.3242561937222222
69,234,0.4382163607727273
69,235,0.3982306684285714
69,255,0.36810185823076924
69,256,0.42198716713636364
69,257,0.42131552209090906
69,258,0.560482448
69,259,0.4609210182
69,260,0.39025281938095235
69,261,0.3296965315238095
69,262,0.3548505654
69,263,0.23510095872727274
69,264,0.42910168505555557
69,265,0.4710158783636364
69,266,0.4796114575
69,267,0.4548240419047619
69,268,0.47278819390909094
69,269,0.40694091494444445
69,270,0.5126923840454546
69,271,0.5028352694545455
69,272,0.6410387653181818
69,273,0.5325186384
69,274,0.6381739195238095
69,275,0.7530527525454546
69,276,0.29666143545454543
69,277,0.6051705354545455
69,278,0.8112898141363637
69,279,0.536920247090909
69,280,0.42118488935
69,281,0.5508701848571429
69,282,0.47334676572727274
69,283,0.31173571795454547
69,284,0.4269135582916667
69,285,0.6086983039545455
69,286,0.5985791914090909
69,287,0.5953960716
69,288,0.5473828589047619
69,289,0.5498902176363637
69,290,0.5984192436363637
69,291,0.824374069409091
69,292,0.6066186601363636
69,293,0.4844274683181818
69,294,0.3930006468
69,295,0.5215871722380953
69,296,0.4435762425909091
69,297,0.316870176
69,298,0.32012272633333333
69,299,0.5198553134545455
69,300,0.3785692776818182
69,301,0.48666753115
69,302,0.5988464333809523
69,303,0.799237352
69,304,0.4777410078181818
69,305,0.5138424193181819
69,306,0.5703480795714286
69,307,0.4740460672272727
69,308,0.48516142035000004
69,309,0.5601847476190477
69,310,0.6130852501363636
69,311,0.5066498857272728
69,312,0.4965679685454546
69,313,0.4874982485
69,314,0.6286396169545454
69,315,0.8477627350500001
69,316,0.8412171447142857
69,317,0.9298989785909092
69,318,0.6344936326818181
69,319,0.5249785365
69,320,0.6470337912727273
69,321,0.49312199876190477
69,322,0.7950369412
69,323,0.773550063
69,324,0.8462125593333334
69,325,0.6927815718636364
69,326,0.6419077843333333
69,327,0.6952597407727272
69,328,0.8809690643181818
69,329,0.61170995745
69,330,0.6007067947142857
69,331,0.8753734397727272
69,332,0.44157482481818183
69,333,0.5470786231363637
69,334,0.36711742686363635
69,335,0.6805293897272727
69,336,0.8779231795
69,337,0.6567425556190477
69,338,0.5545504705
69,339,0.5408788167272728
69,340,0.6466723115454546
69,341,0.5914006138636364
69,342,0.4085949968636364
69,343,0.4716766151
69,344,0.5390967989523809
69,345,0.4614106921363636
69,346,0.4611647673636364
69,347,0.4710896394545454
69,348,0.42288611786363633
69,349,0.650756740090909
69,350,0.76959945845
69,351,0.7632184094761905
69,352,0.5999051913181819
69,353,0.5475426021904761
69,354,0.4896831412272727
69,355,0.513143612
69,356,0.6868093916190476
69,357,0.5860500388000001
69,358,0.8222301001428571
69,359,1.1136305798181818
69,360,0.9518666109545454
69,361,0.750856756
69,362,0.6702907271818183
69,363,0.7455741654545455
69,364,0.6894750803
69,365,1.1820607379047618
617,1,0.857009723952381
617,2,0.723661269590909
617,3,0.7416045494090909
617,4,1.1990561553181818
617,5,1.0771150932727271
617,6,1.464063838590909
617,7,1.74512608695
617,8,1.2703689401111111
617,15,0.8773235841111111
617,16,0.9400478896111112
617,17,0.7760949682727273
617,18,0.6292866220909091
617,19,0.6118953147272728
617,20,0.9623304537727272
617,21,0.6217799885499999
617,22,1.008287990761905
617,23,0.7529998510000001
617,24,0.5927144053157894
617,25,0.9437402894999999
617,26,0.9148465917272727
617,27,1.0259902902727271
617,28,0.8022840031999999
617,29,0.8727624547142857
617,30,0.7271880645000001
617,31,0.752704912
617,32,0.5994562996363636
617,33,0.8631092753181818
617,34,1.205543073590909
617,35,1.2038316236
617,36,0.7312306653333334
617,37,0.4921827649090909
617,38,0.5703254952272727
617,39,0.7146723489545455
617,40,1.0839034740454545
617,41,0.6984751070909091
617,42,0.22690699595
617,43,0.4061209379047619
617,44,0.7518591683181818
617,45,0.8082562382272727
617,46,0.8969920241363636
617,47,0.4957487755909091
617,48,0.6361651766818182
617,49,0.61934658385
617,50,0.3474068968571428
617,51,0.25762896395454543
617,52,0.4123131336363636
617,53,0.44151142604545457
617,54,0.5245197983181819
617,55,0.5452149123181819
617,56,1.1610831467
617,57,1.4168250305238095
617,58,0.29491688720000003
617,59,0.33373415715789473
617,60,0.4954861605
617,61,1.316858222909091
617,62,0.9495525876818182
617,63,0.9167698046
617,64,0.9050087810476191
617,65,0.43486563131818184
617,66,0.6685543571818182
617,67,0.8587123164545454
617,68,0.3525910665454546
617,69,0.5562353165909091
617,70,0.70775347245
617,71,0.7518369813333333
617,72,0.740794575
617,73,1.0400397540909092
617,74,0.8227954365909091
617,75,0.6466896085
617,76,0.5976793330454545
617,77,0.5475947614
617,80,0.2734873585
617,81,0.2829542675
617,82,0.7323192549545454
617,83,1.0908153846818183
617,84,0.5226517954500001
617,85,0.6720233756666667
617,86,0.5664428302272727
617,87,0.3015366711363636
617,88,0.2835580647272727
617,89,0.26892421499999997
617,90,0.6360088394545454
617,91,0.41916066064999996
617,92,0.2732914969523809
617,93,0.6195146759090909
617,94,0.31682172490909094
617,95,0.28254999718181817
617,96,0.5006368851818181
617,97,0.6864253237272727
617,98,0.37528843395
617,99,0.1814933039047619
617,100,0.11329176759090909
617,101,0.31089056481818184
617,102,0.4803851125454546
617,103,0.2612697217727273
617,104,0.3288152285454546
617,105,0.26022786305
617,106,0.09040513685714287
617,107,0.15205258340909092
617,108,0.10645938021052632
617,109,0.04351373981818182
617,110,0.1577025530909091
617,111,0.28419030927272726
617,112,0.5582942557
617,113,0.4277757669047619
617,114,0.6350523990909092
617,115,0.29502675484999996
617,116,0.36863006972727275
617,117,0.6651380532380953
617,118,0.7887763183181818
617,119,0.45036969915
617,120,0.39672279247619047
617,121,0.35466837904545456
617,122,0.13021032972727273
617,123,0.11758950890909091
617,124,0.07634714627272726
617,125,0.20019037713636365
617,126,0.54516741205
617,127,0.2524623615238095
617,128,0.05610858518181818
617,129,0.4382139075
617,130,0.05310581649999999
617,131,0.07814316622727273
617,132,0.2339480251818182
617,133,0.38760036575
617,134,0.22686344919047616
617,135,0.1590392927272727
617,136,0.053270481
617,137,0.04080997677272727
617,138,0.030902811681818184
617,139,0.5224156210454546
617,140,0.06792497410000001
617,141,0.18200881276190475
617,142,0.07861118022727273
617,143,0.11653846799999999
617,144,0.05688241122727273
617,145,0.08157161359090909
617,146,0.14497518018181818
617,147,0.11346468080000001
617,148,0.08914300928571428
617,149,0.1791056562727273
617,150,0.19588374045454546
617,151,0.23163826522727274
617,152,0.08225410813636364
617,153,0.16953830804545456
617,154,0.2188150962
617,155,0.11438870738095237
617,156,0.11370324400000001
617,158,0.654177177625
617,159,0.6047714938636364
617,160,0.4549996372727273
617,161,0.6533979378
617,162,0.18121117557142857
617,163,0.24111588590909092
617,164,0.17504224122727272
617,165,0.24261678386363636
617,166,0.22616162399999998
617,167,0.2587293214090909
617,168,0.18202951025
617,169,0.23098470404761906
617,170,0.5843406590454546
617,171,0.4015557650454546
617,172,0.29371938613636367
617,173,0.5491283845909091
617,174,0.25894692695454546
617,175,0.31613837165
617,176,0.32996707866666664
617,177,0.6360805002727272
617,178,0.42974605877272726
617,179,0.3776710280454545
617,180,0.40599129040909093
617,181,0.17014222472727272
617,182,0.1923591422
617,183,0.15219422066666666
617,184,0.25114220063636367
617,185,0.2677507756363636
617,186,0.3281992892272727
617,187,0.21433624763636364
617,188,0.42651495545454543
617,189,0.6017668768
617,190,0.3799054186190476
617,191,0.4155414248636364
617,192,0.2265952684090909
617,193,0.17183313013636362
617,194,0.2410889147727273
617,195,0.26792665077272726
617,196,0.53661130395
617,197,0.5464381376666667
617,198,0.407685002
617,199,0.3587464956363636
617,200,0.5752158578181817
617,201,0.34199682104545454
617,202,1.6884156967272725
617,203,0.68807288865
617,204,0.42147580819047614
617,205,0.4360729453181818
617,206,0.9178401343181819
617,207,0.3009005639090909
617,208,0.43209762290909093
617,209,0.9856934475454545
617,210,0.54191880085
617,211,0.6343686952380952
617,212,0.47640914463636364
617,213,0.34374432663157894
617,214,0.45727290490909095
617,215,0.2998607711818182
617,216,0.3901471050454546
617,217,0.3742400088
617,218,0.12226791609523809
617,219,0.27011476627272724
617,220,0.3619490130454545
617,221,0.3819804833181818
617,222,0.20262317999999999
617,223,0.5313871761818182
617,224,0.6074504439
617,225,0.11666501761904763
617,226,0.105140771
617,227,0.19067864259090908
617,228,0.14022827045454547
617,229,0.1356930151818182
617,230,0.5572497506818181
617,231,0.69785956085
617,232,0.5293868852380952
617,233,0.2486245865909091
617,234,0.2673980271363636
617,235,0.393988082
617,236,0.7399410742916667
617,237,0.527595980375
617,243,0.352104857
617,244,0.5624354118571429
617,245,0.655349763
617,246,0.5591944103529412
617,247,0.420727166125
617,248,0.6223729187777778
617,249,0.875805576625
617,250,0.6478416032857143
617,254,0.9719027388333333
617,255,0.5677542787142857
617,256,0.716123506
617,257,0.5146820997777778
617,258,0.6103626605
617,259,0.9239419481500001
617,260,0.44735831442857144
617,261,0.47254672927272723
617,262,0.39835919363636363
617,263,0.40970854204545454
617,264,0.5008278580454545
617,265,0.520050341
617,266,0.56968285425
617,267,0.7892930364285714
617,268,0.6407614007272727
617,269,0.5289466967727272
617,270,0.6874389189545455
617,271,0.8325452098181819
617,272,0.8418651700454546
617,273,0.89109609985
617,274,1.0180483601904762
617,275,0.9934263517727273
617,276,0.76124446865
617,277,1.1479428528181819
617,278,0.8300529430454545
617,279,0.839241121909091
617,280,1.1189282108
617,281,1.1257054983809522
617,282,0.5330663135
617,283,0.8336380623157895
617,284,2.2317849504545455
617,285,1.0939283963636364
617,286,1.018083433590909
617,287,0.7374770988
617,288,2.1717866472857144
617,289,2.5920871062272726
617,290,2.4307332609545456
617,291,1.16566476975
617,292,1.297171594409091
617,293,0.9376750666818182
617,294,0.34432306505
617,295,0.6455372050952382
617,296,0.7621339663181818
617,297,1.5733837546818181
617,298,0.4689879802272727
617,299,0.9597179910454545
617,300,2.351440975318182
617,301,5.483579568150001
617,302,1.2550053313809524
617,303,0.6817298863181818
617,304,1.1861262296818182
617,305,0.8525147500454545
617,306,5.0781817735
617,307,0.4332176912631579
617,308,0.37559494295
617,309,0.3107284264761905
617,310,0.17330352722727274
617,311,0.5960795923181818
617,312,1.1409891
617,313,1.0535284564545455
617,314,1.1867019098636364
617,315,1.04359312535
617,316,0.9691832345238095
617,317,0.8694642967727273
617,318,0.9318205293
617,319,0.7747127781578947
617,320,1.2565848144999998
617,321,1.2168340718181818
617,322,0.9050849948999999
617,323,5.175457216333333
617,324,3.248616826545455
617,325,1.0531564956363637
617,326,2.024089644818182
617,327,2.0088015436363635
617,328,0.8708087415454546
617,329,0.9284031437
617,330,2.716929598761905
617,331,1.1908340237727273
617,332,0.62690176275
617,333,0.8378327148636363
617,334,2.387071930772727
617,335,0.9098488581818182
617,336,0.9320763160500001
617,337,1.6521504034761905
617,338,0.6762947175909091
617,339,1.2968164790454546
617,340,2.374572187318182
617,341,1.4872826164761905
617,342,2.049730337909091
617,343,0.66016636095
617,344,0.8909667248571428
617,346,1.8612766674545456
617,347,0.6942654583636364
617,348,0.6990970044545454
617,349,1.27412634745
617,350,1.8924707355
617,351,1.2161797663333334
617,352,0.9375271716818182
617,353,0.38931717031818186
617,354,0.829498921
617,355,0.635360922909091
617,356,0.7699693438
617,358,1.2160373599473686
617,359,1.606344423590909
617,360,1.361875700111111
617,361,1.6649417583636363
617,362,1.4852838078181818
617,363,1.0927238543636364
617,364,1.01255715125
617,365,1.7325263697619047
803,1,1.8221615494761907
803,2,0.6197262480454545
803,3,0.4458244414545455
803,4,0.9444470885454546
803,5,0.9210322653181818
803,6,1.1727837830909091
803,7,1.2061656411
803,8,2.3640375845714283
803,9,1.2630652449545454
803,10,0.7672618459090909
803,11,0.5608162221818183
803,12,0.49063296445454546
803,13,1.382734825090909
803,14,2.0538076490000003
803,15,1.1325110988095237
803,16,0.9823805706818182
803,17,0.8986494592727272
803,18,1.626979016
803,19,0.59113760875
803,20,0.4985912197083333
803,21,0.7172386714090909
803,22,0.6222012159166667
803,24,0.5771599092727272
803,25,0.5552063317368421
803,26,0.7324571362272727
803,27,0.8559346098181817
803,28,0.7026484753
803,29,1.2143569648095238
803,30,0.6365360215454546
803,31,0.5825566508636363
803,32,0.5317485036818183
803,33,0.5936029799090909
803,34,1.24905763
803,35,1.34123584895
803,36,0.6824150931904762
803,37,0.5712194498636364
803,38,0.5179077940909091
803,39,0.5901643842272727
803,40,1.3864375422272728
803,41,0.9357943283636363
803,42,0.42895931874999993
803,43,0.7731042778571429
803,44,1.1562159512727272
803,45,1.1553396650909091
803,46,0.6113714057272728
803,47,0.5941175796363637
803,48,1.1839129477727273
803,49,1.7292708629
803,50,1.0419249770476189
803,51,1.2019930303181818
803,52,0.4118998780909091
803,53,0.433851730625
803,54,1.2628369587727273
803,55,0.5712357960555555
803,56,1.1277137089
803,57,1.6350936089523809
803,58,0.8981120608181818
803,59,0.5735924371363637
803,60,0.43735981304545457
803,61,1.1458561740000002
803,62,1.3652159289545454
803,63,1.5286609772
803,65,0.47960700866666667
803,66,0.8582935925000001
803,67,1.157923893818182
803,68,1.7417432390454548
803,69,1.3737033381666668
803,70,1.9831100214
803,71,1.226391479
803,72,0.5137245013181818
803,73,1.0820982358636364
803,74,1.3253728967727272
803,75,0.8292709844545455
803,76,0.6531781580909091
803,77,2.3381695638
803,78,0.6549920720476191
803,79,0.4922598811818182
803,80,0.45091364036363635
803,81,0.49454044204545455
803,82,2.1730673235454545
803,83,2.175750148590909
803,84,0.4939315344
803,85,1.7472562346190477
803,86,0.7745149807272728
803,87,3.4615699453636366
803,88,1.7287730415
803,89,0.45393784740909093
803,90,1.1201169662727273
803,91,1.5161230503499998
803,92,1.160562988857143
803,93,0.4966903658181818
803,94,1.124637574590909
803,95,0.6361567342272727
803,96,0.47777352981818183
803,97,0.7631104293181817
803,98,0.80294585225
803,99,2.648865269761905
803,100,2.337697092318182
803,101,1.2211251195454544
803,102,0.9895383235454546
803,103,1.9440494113636362
803,104,1.0477616587272727
803,105,1.7071337079
803,106,4.297711378714285
803,107,4.604601634857143
803,109,1.3235282763333334
803,110,2.4771368848333335
803,111,0.3001998762222222
803,112,0.41482085085
803,113,0.5050459018
803,114,0.5991285357272728
803,115,0.45706200272727276
803,116,0.5914339738636364
803,117,1.2594560770909091
803,118,2.691943618272727
803,119,1.54827037205
803,120,0.6573482478095238
803,121,0.5514268367727273
803,122,1.3346907141363635
803,123,0.7229274779545455
803,124,0.2765376056363636
803,125,0.31677613568181817
803,126,0.7041878324999999
803,127,1.3936489275714286
803,128,1.792292548227273
803,129,2.136577994681818
803,130,4.593670506181818
803,131,1.6681743833636362
803,132,0.2095158635909091
803,133,0.5699089824
803,134,0.9153048901904762
803,135,1.1684655161363635
803,136,3.409596444772727
803,137,3.3337120380454546
803,138,3.4803251074090906
803,139,2.323785374590909
803,140,1.3263708043
803,141,1.031672872095238
803,142,1.1649314525909091
803,143,0.47823471895454545
803,144,0.37961581559090907
803,145,0.42282068322727273
803,146,0.54005732255
803,147,0.3508476463
803,148,1.2172742928571427
803,149,0.8384363083181818
803,150,1.2446720592
803,151,0.8389549506818181
803,152,0.7559669743181818
803,153,1.0738154723181819
803,154,1.2398795192
803,155,0.9132769661904762
803,156,0.6618812905454545
803,157,0.41239293386363635
803,158,0.7071394980909091
803,159,0.7708697528636363
803,160,0.7445534366818183
803,161,1.3116639698
803,162,1.3479942248571428
803,163,1.290662392590909
803,164,2.759043095772727
803,165,0.3460179969090909
803,166,0.34010598595454544
803,167,0.4522864112727273
803,168,0.55254995445
803,169,0.8228148549047619
803,170,1.105509941
803,171,0.6551994879545454
803,172,0.3872820708636363
803,173,0.4213935561818181
803,174,0.3279420073181818
803,175,0.4082698077
803,176,1.0436006937142859
803,177,1.201679925909091
803,178,0.7936764326363637
803,179,0.7312054997727273
803,180,0.4642250671363637
803,181,0.38162791931818185
803,182,0.4900606246
803,183,0.700756955095238
803,184,0.5230520846363637
803,185,0.7554065821818182
803,186,0.6177512785454545
803,187,0.7215589930909091
803,188,0.7174569108181819
803,189,0.55354956155
803,190,2.836138914047619
803,191,0.8867429703636364
803,192,0.7978958748181818
803,193,0.8537153732727273
803,194,1.139703374090909
803,195,0.45752200054545455
803,196,0.3040098785
803,198,1.2844891677499999
803,199,2.179953465136364
803,200,1.5655994006190477
803,201,0.7275918516818183
803,202,0.5592354395714286
803,203,0.66390928715
803,204,0.5238395537619047
803,205,0.4769820856363636
803,206,1.2749067616818182
803,207,0.68624743
803,208,1.0054354590909091
803,209,0.7807350617727273
803,210,0.65958036555
803,211,0.8882956284761905
803,212,1.0622367874545455
803,213,1.2514111791363636
803,214,0.9578660845263158
803,215,0.8996260217272727
803,216,0.8355178175454546
803,217,1.300579179
803,218,1.0786180360952382
803,219,1.0753312495454546
803,220,0.5162897629545454
803,221,0.5624414892272728
803,222,0.9907532414
803,223,0.9612095554545455
803,224,0.5526474523
803,225,0.43449030857142856
803,226,0.3810652112272727
803,227,0.3905774703636364
803,228,0.27191773336363634
803,229,0.3950925231363636
803,230,0.6681596928636364
803,231,0.5282396645999999
803,232,1.0151583896190477
803,233,0.9812576137727272
803,234,0.715584953
803,235,0.47544587346666667
803,242,0.3885521536666667
803,243,0.3135782735
803,244,
803,245,0.5808909143000001
803,246,0.7696811812380953
803,247,1.137597018590909
803,248,0.5301096515
803,249,0.6221360746818182
803,250,1.0635221639999999
803,251,1.1304451507777777
803,252,1.6748074657
803,253,0.7997810236190477
803,254,0.5721363347272728
803,255,0.30571180104545453
803,256,0.5371297548181818
803,257,1.4512219062
803,258,1.1410538996153845
803,259,0.87070170655
803,260,1.3667909329473684
803,261,0.6902479994999999
803,262,2.7998377789545454
803,263,0.3126637854285714
803,264,1.76493166215
803,265,1.6997674501363635
803,266,0.7157327237
803,267,0.785903833
803,268,0.9718012883636363
803,269,2.0980598515
803,270,0.9879200257272728
803,271,1.0032444898636363
803,272,1.1624617962272727
803,273,0.8937615813500001
803,274,2.3750182332380954
803,275,1.1967871380454544
803,276,0.9468421136363637
803,277,2.464714746409091
803,278,1.372512660857143
803,279,0.7979027554545454
803,280,0.63917504715
803,281,0.92993110935
803,282,0.930598102
803,283,0.44277152072727277
803,284,0.7000331019090908
803,285,1.080826879894737
803,286,1.323327865888889
803,287,1.4190079492
803,288,0.577022079047619
803,289,0.7233236949545454
803,290,1.1625384874545455
803,291,1.3375525885714286
803,292,0.9629595679545454
803,293,0.7415238675454545
803,294,4.21299399675
803,295,0.9114493768571428
803,296,0.6182230522380953
803,297,0.40796195395454543
803,298,0.2860164054090909
803,299,0.4030299716363636
803,300,0.44600376113636364
803,301,0.49191308004999995
803,302,0.4684343168095238
803,303,2.2946408165454546
803,304,1.492933104681818
803,305,0.43537990913636365
803,306,0.39139692136363635
803,307,0.37195066652380954
803,308,0.49427938105
803,309,0.3302280712380953
803,310,0.3422534132272727
803,311,0.7577619490454546
803,312,0.7331892457727274
803,313,0.7138609154090909
803,314,1.4453424229545453
803,315,2.22461841345
803,316,2.3774179038095236
803,317,1.4634465733636366
803,318,1.3512632539545455
803,319,3.188871266
803,320,1.2179261589545456
803,321,3.1332634765909093
803,322,0.38704713795
803,323,0.9413293347142856
803,324,1.1884852931818182
803,325,0.7265110872727273
803,326,0.9154064171818181
803,327,0.8876829274545455
803,328,1.0609330201818181
803,329,1.9684657533999999
803,331,0.9409150204444443
803,332,1.2430828039545454
803,333,0.6660640867727273
803,334,0.4254477561363636
803,335,0.9872575625454545
803,336,1.10077342805
803,337,1.3093515006190475
803,338,2.8992544456363634
803,339,0.6365256105454545
803,340,0.9426443186363636
803,341,0.988226623
803,342,0.68841627215
803,343,0.32546389015
803,344,0.46384858371428567
803,345,0.3622633302727273
803,346,0.5333248939545454
803,347,0.3567459125909091
803,348,0.41801499627272726
803,349,1.8440854988636366
803,350,1.6522936733999998
803,351,1.2729715993809525
803,356,0.3739977509166667
803,357,0.624462738
803,358,0.8848208702499999
803,359,1.6163708004761905
803,360,1.1378097365238093
803,361,1.025739375952381
803,362,1.029465756952381
803,363,1.7371481255714287
803,364,1.0243590474736843
803,365,1.2937317405
1015,1,1.3642729533333333
1015,2,2.0078148696363636
1015,3,2.374934120818182
1015,4,1.5649388092727272
1015,5,2.1988761719545455
1015,6,1.9898060814545453
1015,7,2.07434943825
1015,8,1.2352604090000001
1015,9,1.0020036255
1015,11,0.551611367125
1015,12,0.93073133175
1015,13,0.5820615002857142
1015,14,0.79398127975
1015,15,1.32589422875
1015,16,0.7225233964444445
1015,17,1.1917504463181818
1015,18,0.9836572546818182
1015,19,1.6829761897727273
1015,20,0.9850800080454545
1015,21,1.7727917796500001
1015,22,1.2061126690952382
1015,23,2.4785124942631582
1015,24,1.1678133018636363
1015,25,1.7775227752727274
1015,26,1.7241552689090909
1015,27,2.590595432
1015,28,0.9391971696500001
1015,29,2.081772463238095
1015,30,1.2946752817727274
1015,31,1.382731404047619
1015,32,1.3675268215454546
1015,33,1.8238019712272726
1015,34,1.8132940317272728
1015,35,1.2968459523
1015,36,0.7887058954761905
1015,37,0.9912189527272727
1015,38,3.3908406903181816
1015,39,2.1262711048636365
1015,40,2.2872975784545457
1015,41,1.2710052128181817
1015,42,1.8741070894
1015,43,3.3979070309090913
1015,44,1.2400575979090909
1015,45,0.9619881393636365
1015,46,1.558944915272727
1015,47,1.083495017
1015,48,0.8383999019545455
1015,49,1.22477039515
1015,50,0.49392986666666666
1015,51,0.9950634273181819
1015,52,1.719114617894737
1015,53,0.6109185733888889
1015,54,0.8755906318636363
1015,55,1.2514479606363638
1015,56,1.16555829335
1015,57,2.277908667142857
1015,58,0.48352035913636365
1015,59,0.5784498421363636
1015,60,2.6468706644545454
1015,61,3.3154918872272727
1015,62,1.6736553807727275
1015,63,1.72338699775
1015,64,0.9433841786190476
1015,65,0.44224176049999997
1015,66,2.882334336380952
1015,67,2.313587184318182
1015,68,0.8973600949999999
1015,69,0.89833883195
1015,70,0.7254071468500001
1015,71,1.7846771651904763
1015,72,1.5965148016818183
1015,73,1.6666669943181818
1015,324,0.9364322824285713
1015,325,1.1382561553529411
1015,326,1.2961444773636364
1015,327,1.3060565587272726
1015,328,0.963717874
1015,329,1.0271752140000001
1015,330,1.2801090013333332
1015,331,1.3388075465
1015,335,1.402404021923077
1015,336,1.23655872835
1015,337,1.3356084796666667
1015,338,0.47616626925
1015,339,1.6829842597272728
1015,340,1.7112337505454547
1015,341,1.2732989984
1015,342,1.848937119090909
1015,343,1.30579750835
1015,344,1.0828174851428571
1015,345,0.8036831602272727
1015,346,1.0975181563636363
1015,347,1.7339007500499999
1015,348,1.2116767004545455
1015,349,0.9490550375454546
1015,350,0.95351892015
1015,351,1.3009947528571428
1015,352,1.1743128656842103
1015,353,1.4016763306363635
1015,354,1.5866268705454545
1015,355,1.2688331574090908
1015,356,0.2400514921818182
1015,357,1.4606564686
1015,358,1.425892493952381
1015,361,1.8697807414545453
1015,362,1.239030766681818
1015,363,1.0934067614545455
1015,364,1.4429358947500002
1015,365,1.4714758698095238
1035,1,0.8545129644285714
1035,2,0.3720036637272727
1035,3,0.4289172580909091
1035,4,0.7285860125833333
1035,5,0.7137045213181819
1035,6,0.9786901394545455
1035,7,1.01188096425
1035,8,1.0751485561904761
1035,9,1.081262838318182
1035,10,0.6004462313181818
1035,11,0.5832463109090908
1035,12,0.6163042960454544
1035,13,0.9138358576363637
1035,14,1.18141210305
1035,15,1.0930871739999999
1035,16,0.7324094866363636
1035,17,0.673961920090909
1035,18,0.47713916759090913
1035,19,0.5250690611363636
1035,20,0.4568786986666667
1035,24,0.52244556485
1035,25,0.5132335912272727
1035,26,0.4824354901818182
1035,27,0.651894098409091
1035,28,0.5752093591499999
1035,29,0.5816300779523809
1035,30,0.3574734120909091
1035,31,0.43065369359090905
1035,32,0.5223848439545454
1035,33,0.5574577775909091
1035,34,0.9231126177272727
1035,35,1.5893769373000002
1035,36,0.5993538310952381
1035,37,0.5342661679090909
1035,38,0.3081315943181818
1035,39,0.3544624432727273
1035,40,0.9721712887272728
1035,41,0.772659063090909
1035,42,0.4232211679
1035,43,0.5030106038
1035,44,0.6860412175
1035,45,0.683687222
1035,46,0.634761499409091
1035,47,0.5865540129545455
1035,48,0.7834578995
1035,49,0.5674987931500001
1035,50,1.147719863952381
1035,51,0.4095762489545454
1035,52,0.43625479754545454
1035,53,0.3808906980909091
1035,54,0.43722499459090913
1035,55,0.4722161027727273
1035,56,0.7736172843
1035,57,0.8610283473809524
1035,58,0.40134713127272725
1035,59,0.40397505114285714
1035,61,0.47391667822222217
1035,62,0.8795702974545455
1035,63,0.93168215915
1035,64,0.7746982391904761
1035,65,0.3822069289545454
1035,66,0.5588354188636363
1035,67,0.8774844325714286
1035,68,0.7688652797727272
1035,69,0.6505792492727273
1035,70,0.8241252565
1035,71,0.8059289537894736
1035,72,0.6014731338571428
1035,74,1.2041790085333333
1035,75,0.5392147915909091
1035,76,0.4225941494090909
1035,77,0.58624186405
1035,78,0.44031339376190476
1035,79,0.6846159685454546
1035,80,0.4281234359090909
1035,81,0.4136515280454546
1035,82,0.4358521950454545
1035,83,0.3668110376153846
1035,87,0.662637249409091
1035,88,0.5108278221818182
1035,89,0.3920296822272727
1035,90,0.6960741389545455
1035,91,0.8507115237
1035,92,0.6096562441428571
1035,93,0.42674352522727277
1035,94,0.5082868067272727
1035,95,0.4255161316818182
1035,96,0.3829386520909091
1035,97,0.5497661109047619
1035,98,0.53656487185
1035,99,0.4529295856666667
1035,100,0.5262793407272727
1035,101,0.7490826937272727
1035,102,0.598306393090909
1035,103,0.6735034265
1035,104,0.6112401394090908
1035,105,0.4667857658
1035,106,0.5005671588571429
1035,107,0.41687333
1035,108,0.7717755998636363
1035,109,0.5062195783157895
1035,110,0.33971608047619045
1035,111,0.35764945281818183
1035,112,0.3904217773
1035,113,0.5239717407142856
1035,114,0.3821056627272727
1035,115,0.3918617150454546
1035,116,0.42054991940909087
1035,117,0.5791369915909091
1035,118,0.5693303179545454
1035,119,0.50906595385
1035,120,0.3785882381904762
1035,121,0.4210835678636364
1035,122,0.47614550145454543
1035,123,0.40473866186363633
1035,124,0.3817855656363637
1035,125,0.3643512398636364
1035,126,0.39220266245
1035,127,0.46846088550000003
1035,128,0.5008670375909091
1035,129,0.5879491547272727
1035,130,0.41614172763636365
1035,131,0.4115008331818182
1035,132,0.353791886
1035,133,0.45309819715
1035,134,0.5357925544285714
1035,135,0.3871931967727273
1035,136,0.3675952992272728
1035,137,0.3115786117727273
1035,138,0.3059038157727273
1035,139,0.4835071528181818
1035,140,0.35517679445
1035,141,0.6489802234761906
1035,142,0.3951445852272727
1035,143,0.42497424209090906
1035,144,0.30902946704545453
1035,145,0.36089214918181817
1035,146,0.40434504163636364
1035,147,0.42216317885
1035,148,0.47527011409523806
1035,149,0.535807046
1035,150,0.7201993160454546
1035,151,0.5968727633636364
1035,152,0.8866201060000001
1035,153,0.6418627481363637
1035,154,0.5780590909
1035,155,0.8408585611428572
1035,156,0.478313249
1035,157,0.4055442848095238
1035,158,0.3926674712727273
1035,159,0.5896728870454546
1035,160,0.44081583827272725
1035,161,0.48875193505
1035,162,0.4681604638095238
1035,163,0.4424137729090909
1035,164,0.29098631427272725
1035,165,0.29819620613636366
1035,166,0.31248257322727274
1035,167,0.2531327261363636
1035,168,0.28901063865
1035,169,0.3445589213333333
1035,170,0.5030917636818182
1035,171,0.35790521413636367
1035,172,0.2633987551363636
1035,173,0.32190465172727273
1035,174,0.34113164704545457
1035,175,0.3494342509
1035,176,0.6038438125714286
1035,177,0.7881014749545454
1035,178,0.7029856810454546
1035,179,1.1815335592272727
1035,181,0.3997706264545455
1035,182,0.36691009725
1035,183,0.31237863519047615
1035,184,0.3576505980909091
1035,185,0.3365293514090909
1035,186,0.34671257613636364
1035,187,0.3669120658181818
1035,188,0.26737380631818186
1035,189,0.26216542815
1035,190,0.3522691939047619
1035,191,0.6725047793636364
1035,192,0.31076633513636365
1035,193,0.3402901539545455
1035,194,0.389127626
1035,195,0.322541441
1035,196,0.2994072899
1035,197,0.5018119247619047
1035,198,0.6761450426363637
1035,199,0.3871942848636364
1035,200,0.4176458850454546
1035,201,0.3435500397272727
1035,202,0.3044662523636364
1035,203,0.2844006087
1035,204,0.3098023348571428
1035,205,0.3092670007727273
1035,206,0.3566041989545454
1035,207,0.3361951
1035,208,0.30597624981818183
1035,209,0.25488556368181814
1035,210,0.32272339175
1035,211,0.4350482391428572
1035,212,0.5838981182727273
1035,213,0.7814517090909091
1035,214,0.6487443379090909
1035,215,0.3679358837727273
1035,216,0.4810867763809524
1035,217,0.39374605055
1035,218,0.349693331
1035,219,0.36029041159090913
1035,220,0.2921201883181818
1035,221,0.3967915052727273
1035,222,0.427074239952381
1035,223,0.25305690840909095
1035,224,0.27574701414999997
1035,225,0.28464112576190476
1035,226,0.26870805913636364
1035,227,0.31490448515789476
1035,228,0.30885050004545456
1035,229,0.26621558440909093
1035,230,0.29121312918181813
1035,231,0.3919185213
1035,232,0.439324599
1035,233,0.48555101827272734
1035,234,0.5074534736363637
1035,235,0.2871029142222222
1035,244,0.2523402769230769
1035,245,0.41705618094999997
1035,246,0.25933462753846154
1035,247,0.8759350850000001
1035,248,0.3940819235
1035,249,0.41217467122222223
1035,250,0.6853967839545455
1035,251,0.6131067212272727
1035,252,0.62134438585
1035,253,0.5270339296190476
1035,254,0.4192023642727273
1035,255,0.349908235
1035,256,0.3648309331363636
1035,257,0.4855266600909091
1035,258,0.5812874534545455
1035,259,0.46149137575
1035,260,0.671727976952381
1035,261,0.4282268991904762
1035,262,0.30532792404545456
1035,263,0.29939080986363636
1035,264,0.4325034858636364
1035,265,0.43770134490909096
1035,266,0.46487056055
1035,267,0.5925433413333333
1035,268,0.7324389578571429
1035,269,0.5200733781818182
1035,270,0.6059594366818182
1035,271,0.4003642355909091
1035,272,0.4892197304090909
1035,273,0.4179489578
1035,274,0.5916055813333333
1035,275,0.7608877839090908
1035,276,0.6815458025000001
1035,277,1.5707453646363638
1035,278,0.7456196199090909
1035,279,0.5589741820454545
1035,280,0.40471357525
1035,281,0.45330532952380953
1035,282,0.3643931602727273
1035,283,0.3900155761363637
1035,284,0.37817677713636366
1035,285,0.5940814168636364
1035,286,0.503939931
1035,287,0.6399009093
1035,288,0.41801649176190475
1035,289,0.5053329445
1035,290,0.5321484243181819
1035,291,0.7212291423181818
1035,292,0.6499502495454546
1035,293,0.9503187137272726
1035,294,0.35494668269999996
1035,295,0.552160349
1035,296,0.3856654295
1035,297,0.39353971086363637
1035,298,0.35798117254545453
1035,299,0.32901326449999996
1035,300,0.4413400415
1035,301,0.5199197016499999
1035,302,0.5209408069523809
1035,303,0.4733770576818182
1035,304,0.7078118573636364
1035,305,0.3743036186363637
1035,306,0.45743251436363636
1035,307,0.4284853159545454
1035,308,0.4339425326
1035,309,0.4071796743809524
1035,310,0.45255436609090904
1035,311,0.40589576186363635
1035,312,0.5942108005
1035,313,0.5705252677272727
1035,314,1.0714008017142858
1035,315,0.7757428344999999
1035,319,0.5601871611363637
1035,320,0.7483610598181817
1035,321,0.444151125
1035,322,0.41614285759999997
1035,323,0.6998302238095238
1035,324,0.6458355117619048
1035,325,0.7220460564545454
1035,326,0.7462352584090909
1035,327,0.7039265223181818
1035,328,0.6298690278181819
1035,329,0.9880148973
1035,330,0.6386261645714286
1035,331,0.6142517223181818
1035,332,0.6336821244090909
1035,333,0.6065056150909091
1035,334,0.39862468349999997
1035,335,0.5068211539047619
1035,336,0.9108461391999999
1035,337,0.9178239759999999
1035,338,0.6257137408
1035,341,1.1748457712857143
1035,342,0.714271126095238
1035,343,0.43237672289999995
1035,344,0.4623272641904762
1035,345,0.2821388129090909
1035,346,0.4526733684090909
1035,347,0.2845151598
1035,348,0.39669533375
1035,349,0.6797288516818182
1035,350,0.7203639696499999
1035,351,0.7763514862380954
1035,352,0.6375445080909091
1035,353,0.4183178077727273
1035,354,0.41355314140909094
1035,355,0.42673350477272726
1035,356,0.5082201419000001
1035,357,0.63582830515
1035,358,0.7373806095238096
1035,359,1.0654001671363635
1035,360,1.049907495409091
1035,361,0.8675268311363635
1035,362,0.8851881790454545
1035,363,0.9851708697272727
1035,364,0.86798623415
1035,365,1.02907743835
1039,1,0.7924727755238095
1039,2,0.46439245050000005
1039,3,0.4868059851818182
1039,4,1.3608229732272727
1039,5,1.3417327705454545
1039,6,2.1803125317272727
1039,7,2.8776245426499996
1039,8,1.15345418555
1039,9,1.1459795427727273
1039,10,1.2366532615714285
1039,11,0.5925442465
1039,12,0.40065335018181814
1039,13,0.7909862284090909
1039,14,0.3825067294
1039,15,0.9058163513809523
1039,16,0.8344063238333334
1039,19,0.7640049296666667
1039,20,0.7505860989523809
1039,21,0.7806817444
1039,22,0.8087322554761904
1039,23,0.6062879028181819
1039,24,1.0584477605
1039,25,1.3271831702272727
1039,26,1.7676321721818182
1039,27,1.8572487960909092
1039,28,0.9680300947499999
1039,29,0.6584512865238095
1039,30,0.7081013011363636
1039,31,0.9599875141818182
1039,32,0.9159918735
1039,35,1.1311450344499998
1039,36,0.9864325249523809
1039,37,0.6675077418095238
1039,38,0.4548002322380953
1039,39,0.7840829388636364
1039,40,1.502127512090909
1039,41,0.8628505354999999
1039,42,0.3512337258
1039,43,0.24362077890476191
1039,44,0.62884198485
1039,45,0.7437679981875001
1039,46,0.9399755224999999
1039,47,0.7825643742272728
1039,48,0.47516688586363637
1039,49,0.7539402925
1039,50,0.4482162120952381
1039,51,0.5409069920454546
1039,52,0.6703079302272728
1039,53,0.5262884141363636
1039,54,0.6903124995454545
1039,55,0.5752447594090909
1039,56,1.08406778725
1039,57,1.0842469863333333
1039,58,0.4641430057727272
1039,59,0.22961767863636365
1039,60,0.959458630090909
1039,61,1.0170678897272727
1039,62,2.3326387773636363
1039,63,1.2581136280999998
1039,64,1.0693529595714284
1039,65,1.063611860818182
1039,66,0.6448016520909091
1039,67,0.9417345495
1039,68,0.9236175412272728
1039,69,0.7559554300000001
1039,70,0.6983230566999999
1039,71,1.4207617611428571
1039,72,1.4073430672727272
1039,73,1.1298807825909092
1039,74,0.6997650001818182
1039,75,0.5270230886818182
1039,76,1.714696449590909
1039,77,0.72787977205
1039,78,0.33907004738095237
1039,79,0.35711549172727275
1039,80,0.30540544695454547
1039,81,0.48395751159090905
1039,82,0.5822586412272727
1039,83,0.35491452668181817
1039,84,0.8962198253
1039,85,0.95941156
1039,86,1.0056510561363636
1039,87,0.8120718653636364
1039,88,0.3706668238636363
1039,89,0.5870568052272728
1039,90,0.8164466845
1039,91,0.67395134415
1039,92,0.5150980721904762
1039,93,0.540004236
1039,94,0.42433442481818184
1039,95,1.4175456867272727
1039,96,1.2375449148181819
1039,97,0.6561930925454545
1039,98,0.5125246742
1039,99,0.45896566771428565
1039,100,0.3235614934090909
1039,101,0.5345139694545454
1039,102,0.9479888266818182
1039,103,0.45147292272727274
1039,104,0.4405318316818182
1039,105,0.2599671626
1039,106,0.344331047047619
1039,107,0.5993560284545455
1039,108,0.41604209204761905
1039,109,0.27808924563636367
1039,110,0.29358241868181817
1039,111,0.1605666428181818
1039,112,0.45428226709999997
1039,113,1.0187072625714286
1039,114,0.5725855854999999
1039,115,0.2106265779090909
1039,116,0.4662290514545454
1039,117,1.1734926287777778
1039,123,0.7365350722499999
1039,124,1.2164410554285714
1039,125,0.5761609942272727
1039,126,0.7694749752
1039,127,0.3816637607142857
1039,128,0.3218353135454545
1039,129,0.3212354809090909
1039,130,0.2794404381818182
1039,131,0.11165980540909091
1039,132,0.512459045909091
1039,133,1.3676105778
1039,134,0.738229220952381
1039,135,0.5035269301363636
1039,136,0.15227036945454545
1039,137,0.012373743909090908
1039,138,0.09316143568181819
1039,139,0.08266951245454546
1039,140,0.1530261938
1039,141,0.605083349
1039,142,0.470585615
1039,143,1.6479787265454546
1039,144,0.30541369254545453
1039,145,0.24778814745454544
1039,146,0.05779379027272727
1039,147,0.031862665400000004
1039,148,0.3152928154285714
1039,149,0.5580288178636365
1039,150,0.457298246
1039,151,0.30628836109090907
1039,152,0.23386228481818183
1039,153,0.11889866095454545
1039,154,0.114522983
1039,155,0.37824153247619047
1039,156,0.2579429999090909
1039,157,0.7003487383636364
1039,158,1.2112027681000002
1039,159,0.7891308838181819
1039,160,0.3208936878095238
1039,161,0.61216492785
1039,162,0.5403667295238096
1039,163,0.1836845565
1039,164,0.15482059376190477
1039,165,0.019313098714285715
1039,166,0.04371718813636363
1039,167,0.08588230936363636
1039,168,0.0107642018
1039,169,0.012899156571428573
1039,170,0.4085252845
1039,171,1.1711843925454546
1039,172,1.3048685661363637
1039,173,0.7557263167727274
1039,174,0.010677555363636364
1039,175,0.52985631775
1039,176,1.7796420005555555
1039,177,0.3939109073
1039,178,0.18504275915789473
1039,179,0.09761729536363636
1039,180,0.07489843177272727
1039,181,0.010834497681818182
1039,182,0.03193596405
1039,183,0.010321390238095238
1039,184,0.10518726218181818
1039,185,0.07243665109090909
1039,186,0.11113751031818181
1039,187,0.15728285785714285
1039,188,0.15589157581818183
1039,189,0.20669376425000002
1039,190,0.13927037660000002
1039,191,0.5528160015833333
1039,192,0.1838222332631579
1039,193,0.2383607569
1039,194,0.3030461739545455
1039,195,0.5557843918421053
1039,196,0.251874084
1039,198,0.5366988432727272
1039,199,1.0052249581428572
1039,200,0.1676819398181818
1039,201,0.445210792952381
1039,202,0.20052265627272725
1039,203,0.12503111705
1039,204,0.082253195
1039,205,0.14950505254545454
1039,206,0.7380163164545455
1039,207,0.19290292673684212
1039,208,0.217892778
1039,209,0.10311189554545455
1039,210,0.21541939275000002
1039,211,1.1770723598571426
1039,212,0.9693627108181818
1039,213,0.4177528001818182
1039,214,0.2949270358636364
1039,215,1.432396387409091
1039,216,0.4501365978181818
1039,219,0.37097120100000003
1039,220,0.5985472182727273
1039,221,0.5613537641428572
1039,222,0.526843812875
1039,223,0.4122856472272727
1039,224,0.21551449215
1039,225,0.13735420314285715
1039,226,0.15873870513636362
1039,227,0.1536343868181818
1039,228,0.09568887699999999
1039,229,0.1610518079090909
1039,230,0.19130131454545454
1039,231,0.25836966489999996
1039,232,0.3753272761904762
1039,233,1.5874475557727272
1039,234,0.3203712635
1039,235,0.5762009775454545
1039,243,0.5302102185555556
1039,244,0.48818828599999997
1039,245,0.48520128135
1039,246,0.48622066761904764
1039,247,0.5826478394545455
1039,248,0.8366658592222223
1039,249,1.487753390590909
1039,250,0.2789880277727273
1039,251,0.5763739818636364
1039,252,0.9220407287999999
1039,253,1.9436545692857143
1039,254,1.9322841820454544
1039,255,0.6185220504090909
1039,256,0.5537725356818182
1039,257,0.40062978454545456
1039,258,0.5500755876818182
1039,259,0.32614009205
1039,260,0.4436166711904762
1039,261,0.2836667948636364
1039,262,0.23654843027272723
1039,263,0.16798914727272726
1039,264,0.21776703266666664
1039,265,0.3583323857272727
1039,266,0.4047066654
1039,267,0.13284721642857142
1039,268,0.30152750386363636
1039,269,0.25482946922727273
1039,270,0.31160827168181815
1039,271,0.7169754455454546
1039,272,0.8246019017272727
1039,273,2.14596831895
1039,274,0.7794614694761905
1039,275,0.8333404373181819
1039,276,0.058999014272727274
1039,277,0.39333134468181813
1039,278,0.4798273828181818
1039,279,0.8293220449545454
1039,280,1.8843285204
1039,281,0.6165146474761904
1039,282,0.29637041736363634
1039,283,0.7324418350909091
1039,284,1.2054571201363637
1039,285,1.0552566919545454
1039,286,0.8931064016818181
1039,287,0.41260209124999997
1039,288,0.9470442392857144
1039,289,1.1087067824545456
1039,290,0.8422505802272727
1039,291,1.0822287378636364
1039,292,0.5097687773636363
1039,293,0.3659402133636364
1039,294,0.5144002947499999
1039,295,0.6826730393809524
1039,296,1.341793801
1039,297,0.7719910663636363
1039,298,0.6293209578636364
1039,299,0.6356560235454546
1039,300,1.1934110254090908
1039,301,1.9843699409500002
1039,302,0.5460891328571429
1039,303,0.4172661253181818
1039,304,0.42953659786363635
1039,305,0.5951038249545455
1039,306,0.28712384459090906
1039,307,0.22587788713636361
1039,308,0.19907668750000002
1039,309,0.1936162001904762
1039,310,0.20865017586363635
1039,311,0.28052003886363636
1039,312,1.4906190817727272
1039,313,1.8039485380454545
1039,314,0.7880228875454546
1039,315,1.12962831525
1039,316,1.121181164857143
1039,317,0.8100954380909091
1039,318,0.6994056601818182
1039,319,0.6932172775909091
1039,320,0.7971152777727273
1039,321,0.29341796545454546
1039,322,0.3708251368
1039,323,1.509024317095238
1039,324,0.8464518571363636
1039,325,0.7703584714090909
1039,326,1.537091239318182
1039,327,1.2847644023181817
1039,328,0.765975271
1039,329,0.6714520027499999
1039,330,1.2957423424761905
1039,331,1.0505225870909092
1039,332,0.6800126299545455
1039,333,0.6356234914090909
1039,334,1.3100093298571427
1039,335,1.7855196305909091
1039,336,1.2701181847499998
1039,337,1.2832865457619047
1039,338,0.4368359609545455
1039,339,1.1409098177272727
1039,340,2.2397939736818184
1039,341,2.6007566189545455
1039,342,1.1507224793636364
1039,343,0.54558613315
1039,344,0.7428306958095239
1039,345,0.564105990590909
1039,346,0.9770782228181818
1039,347,0.5204446781363636
1039,348,0.6043332408636364
1039,349,1.2167713965454545
1039,350,1.1013685337
1039,351,1.1324110873809523
1039,352,0.9837450019090909
1039,353,0.6056719826666667
1039,354,0.5429789836818182
1039,355,0.4946275567272727
1039,356,0.44694378627272724
1039,357,1.44771144575
1039,358,1.2589672470952382
1039,359,1.3411361493181817
1039,360,1.2837140569545455
1039,361,2.067594732818182
1039,362,1.7475326984545454
1039,363,1.3022855301818181
1039,364,1.1783611614
1039,365,1.3153863957142857
1607,1,1.1858686540952381
1607,2,1.0850919628636364
1607,3,0.7670902102727273
1607,4,1.04385968085
1607,5,0.9505669272272727
1607,6,1.1952242404285713
1607,7,1.5115466657
1607,8,1.6891845545238096
1607,9,1.8732355085
1607,10,2.119938248909091
1607,11,2.902740781590909
1607,12,1.289002132090909
1607,13,6.00859812595
1607,14,4.075457787619047
1607,15,0.9293141161578946
1607,16,0.12021773127272727
1607,17,0.7043092907727272
1607,18,0.5678330245454546
1607,19,1.142362746736842
1607,20,1.1529117154090909
1607,21,1.39205696645
1607,22,0.8863910381904762
1607,23,1.0452329806818181
1607,24,0.9911071000454545
1607,25,0.9484911473636363
1607,26,1.0754730470454545
1607,27,1.4748997945
1607,28,0.95743055485
1607,29,1.0717121255714286
1607,30,1.1789571453636365
1607,31,1.2346607796363636
1607,32,1.2224466787727273
1607,33,0.7877685307857142
1607,34,1.3174107994545454
1607,35,1.7271200301499998
1607,36,0.3217384367619048
1607,37,0.21352249773684212
1607,38,0.5515032106363636
1607,39,0.8224303518181819
1607,40,2.0977879544999998
1607,41,1.7298563780454546
1607,42,0.43476248449999993
1607,43,0.6361366190476191
1607,44,1.1036282237272728
1607,45,0.9194340954545454
1607,46,1.047679687909091
1607,47,1.2483867938181819
1607,48,1.6499215086363634
1607,49,1.6588712844736841
1607,50,0.9561958425714285
1607,51,0.5458455747272727
1607,52,1.0088541961363637
1607,53,1.3157979494090908
1607,54,0.9933311305
1607,55,1.2161864683181818
1607,56,1.62267984625
1607,57,1.6661215984285713
1607,58,0.5364091989090909
1607,59,0.5001448886363636
1607,60,1.108185424
1607,61,1.6764699866818182
1607,62,1.5047207849545456
1607,63,1.74247400645
1607,64,1.208937230904762
1607,65,1.4879705025
1607,66,1.0973108215454546
1607,67,1.2967737314090908
1607,68,1.075774075590909
1607,69,0.7603609430000001
1607,70,0.32978811152380955
1607,71,1.34570756155
1607,72,0.8115422974545455
1607,73,1.488382445117647
1607,74,1.8176301245625
1607,75,1.2652319405909092
1607,76,0.7993169927727273
1607,77,0.73323909925
1607,78,1.2191285786190476
1607,79,1.3055028839090907
1607,80,1.1488839046363637
1607,81,1.0511483619545456
1607,82,0.4687663956818182
1607,83,0.4337539512272727
1607,84,1.30803953265
1607,85,1.1845606579523809
1607,86,0.7783849956363637
1607,87,0.8132659469545455
1607,88,1.0964693709545454
1607,89,0.6999127643181818
1607,90,2.1240368517727273
1607,91,0.9480568249999999
1607,92,0.8896542810952381
1607,93,1.1484054399090908
1607,94,0.9314754471818183
1607,95,0.9587403294545456
1607,96,0.8938400134090909
1607,97,0.9959051181363635
1607,98,1.3424910067
1607,100,0.40454070000000003
1607,101,0.38789480422727274
1607,102,0.6310301117272727
1607,103,0.30382741395454543
1607,104,0.05079874354545454
1607,105,0.07137767125
1607,106,0.6040786175714286
1607,107,0.07586333236363636
1607,108,0.16901258966666666
1607,109,0.1163019048
1607,110,0.030293118363636365
1607,111,0.014555953428571428
1607,114,0.997341839
1607,115,0.860321967625
1607,116,1.5165139262
1607,117,1.0284922262272727
1607,118,1.6484810692727272
1607,119,0.10439747830000001
1607,120,0.33743306861904765
1607,121,0.6182722850454545
1607,122,0.21217764331578945
1607,123,0.7867026893636364
1607,124,0.4897316420909091
1607,125,0.4736430198636363
1607,126,1.31164741915
1607,127,0.7156030806190476
1607,128,0.07609126895454545
1607,129,0.5586325656000001
1607,130,0.030510593136363638
1607,131,0.04710540854545455
1607,132,0.5944673394090909
1607,133,0.9961814975
1607,134,0.33307282447619047
1607,135,0.09228671790909092
1607,136,0.03136433040909091
1607,137,0.017282119681818184
1607,138,0.019746213818181816
1607,139,0.06484875354545455
1607,140,0.05967433475
1607,141,0.0647782002857143
1607,142,0.2610886325
1607,143,0.9604092145454545
1607,144,0.20561876904545454
1607,145,0.6937474043181818
1607,146,0.18099053118181818
1607,147,0.02032521915
1607,148,0.472401325952381
1607,149,0.31431320927272727
1607,150,0.26891461972727276
1607,151,0.08940900677272727
1607,152,0.031731209499999996
1607,153,0.20935061854545453
1607,154,0.01803922425
1607,155,0.013964819000000002
1607,156,0.10039294054545454
1607,157,0.7082790885454545
1607,158,0.5248904748000001
1607,159,0.655376705
1607,160,0.5853400404666667
1607,161,0.5557991007
1607,162,0.09947702452380953
1607,163,0.043080799
1607,164,0.019443100363636365
1607,165,0.02954871040909091
1607,166,0.29976912727272725
1607,167,1.4209524224285714
1607,168,0.9655563348499999
1607,169,0.284861427
1607,170,0.051449100428571426
1607,171,0.6506241584444444
1607,172,0.9222963266666666
1607,173,0.8739255113809524
1607,174,0.6645399858095238
1607,175,0.0841665683
1607,176,0.3393336727619048
1607,177,0.2928526359
1607,178,0.15935747276190476
1607,179,0.028543245285714287
1607,180,0.5050065664545454
1607,181,0.040408075545454544
1607,182,0.03062431465
1607,183,0.6866868007619048
1607,184,0.23798888399999998
1607,185,0.34638855295454546
1607,186,0.08145328081818182
1607,187,0.09645444823809524
1607,188,0.07837086004761905
1607,189,0.79613379585
1607,190,1.10802943675
1607,191,0.21675925799999998
1607,192,1.3296799609523808
1607,193,1.08801764025
1607,195,0.010264255
1607,196,0.47230009576923077
1607,199,0.423680925
1607,200,0.18530478313636364
1607,201,0.4113008976842105
1607,202,0.11061823735000001
1607,203,0.36641360678947366
1607,204,0.6227587837619047
1607,205,0.17348377272727272
1607,206,0.852038814
1607,207,1.1837184005454544
1607,208,1.0437183503636362
1607,209,0.4054332899090909
1607,210,0.25203811849999996
1607,211,0.7068819131428571
1607,212,0.9960646190454546
1607,213,0.5091202601428572
1607,214,0.43018737831578946
1607,215,2.0782950395789475
1607,216,0.9993298860000001
1607,217,0.23354952485714287
1607,220,0.5128267395909091
1607,221,0.5738916518181818
1607,222,0.14028943386363635
1607,223,0.8700076907142857
1607,224,1.7569938129473686
1607,225,0.60879156465
1607,226,0.49063111555555555
1607,227,0.37320071466666666
1607,228,0.13602707127272728
1607,229,0.12450963077272728
1607,230,0.5724544529545454
1607,231,0.2178858903
1607,232,0.1651997578095238
1607,233,0.0442705065
1607,234,0.10545195978571428
1607,236,0.5601610777142857
1607,259,0.015988037444444447
1607,260,0.047171229904761906
1607,261,0.072343297
1607,262,0.039328550227272725
1607,263,0.021413940772727274
1607,264,0.2892516944090909
1607,265,0.02832859968181818
1607,266,0.01984125905
1607,267,0.0633998399047619
1607,268,0.034442765181818186
1607,269,0.11083067181818183
1607,270,0.2042350761818182
1607,271,0.8451425247272727
1607,272,1.3692620116363636
1607,273,1.4893092118
1607,274,1.4215591947142858
1607,275,0.6666836389545454
1607,276,0.058580831363636364
1607,277,0.2782293186818182
1607,278,0.17813003309090908
1607,279,0.3405907616
1607,280,0.48123040185
1607,281,1.5090426305238094
1607,282,1.2075271584999998
1607,283,0.30404069637500003
1607,284,1.4829493208181816
1607,285,1.839071625772727
1607,286,1.8441365363181819
1607,287,0.2703039777
1607,288,0.6046107196666666
1607,289,1.0350796307727272
1607,290,1.1556728745
1607,291,1.4614849207727274
1607,292,1.4209924412727273
1607,293,0.0705750214090909
1607,294,0.18220492189999998
1607,295,0.30337792952380954
1607,296,1.0112278325
1607,297,0.6307290681818182
1607,298,0.6728120575909091
1607,299,1.0329956763636365
1607,300,1.2633999564761904
1607,301,0.6724680907
1607,302,1.0403189428571429
1607,303,0.38757101190909093
1607,304,0.7703086699545455
1607,305,0.6794315961363636
1607,306,0.5363380733181818
1607,307,0.1507040035909091
1607,308,0.8752553648999999
1607,309,0.4251847557142857
1607,310,0.42328543890909087
1607,311,1.4679858005000002
1607,312,0.8058389202727273
1607,313,1.001549786590909
1607,314,1.0779610918636364
1607,315,0.8636892133
1607,316,1.67950945065
1607,317,2.9785166376
1607,318,1.7747773865454546
1607,319,0.9208569217727273
1607,320,0.8812546689545454
1607,321,0.9400649127727273
1607,322,0.8501294675
1607,324,1.6894782383333333
1607,325,0.9955578563181817
1607,326,1.1477202676818181
1607,327,1.0182759897727272
1607,328,1.3171958314545453
1607,329,0.9253443135999999
1607,330,1.4634149217142858
1607,331,0.9733170661363637
1607,332,1.183525549647059
1607,333,1.15217663635
1607,334,0.6262077547272727
1607,335,1.4182803321363637
1607,336,1.3924979934
1607,337,0.9802925920952381
1607,338,0.42545561427272727
1607,339,0.7297699755
1607,340,1.1838889625
1607,341,1.8045449470000001
1607,342,0.8624693495
1607,343,0.8451825861
1607,344,1.0364017368095237
1607,345,0.8852243720454546
1607,346,0.8024188457727273
1607,347,0.9491039822
1607,349,1.2505189802857142
1607,350,1.4538821048000001
1607,351,1.145706437047619
1607,352,1.6295710225
1607,353,0.6061721504090909
1607,354,1.2572100709545455
1607,355,1.199041396590909
1607,356,1.4476866427272728
1607,357,0.9701821555000001
1607,358,1.1350215084761905
1607,359,1.6215717682727273
1607,360,1.573557264181818
1607,361,1.3201488266363637
1607,362,1.2118706892727273
1607,363,1.576102376272727
1607,364,1.0696288171
1607,365,1.35491139365
6000,1,0.660062220952381
6000,2,0.4490963805454546
6000,3,0.4753255480909091
6000,4,0.6535016776363636
6000,5,0.7826370811363635
6000,6,0.846894136909091
6000,7,0.8165616119999999
6000,10,0.70420229305
6000,11,0.5856805072272727
6000,12,0.34029438185
6000,13,0.5450976565555555
6000,14,0.54081689985
6000,15,0.7697415820952381
6000,16,0.4677973682727272
6000,17,0.735942175
6000,18,0.48571241586363634
6000,19,0.5630383170000001
6000,20,0.5240154302272727
6000,21,0.5852681873
6000,22,0.6081800008571429
6000,23,0.48158193536363636
6000,24,0.5092693848636364
6000,25,0.4601200523181818
6000,26,0.5551213017272727
6000,27,0.7316140435
6000,28,0.54957983165
6000,29,0.5494335231904761
6000,30,0.6607637211363636
6000,31,0.5636695236363637
6000,32,0.4789971632380952
6000,33,0.5404511292272727
6000,34,0.8846898393181818
6000,35,0.85418839435
6000,36,0.541216059047619
6000,45,0.7300915766363637
6000,46,0.6484563125
6000,47,0.5957304430909091
6000,48,0.48034269404761903
6000,49,0.58320415845
6000,50,0.5869342390952381
6000,51,0.4659443229047619
6000,52,0.4665430002380952
6000,53,0.38331897045454544
6000,54,0.5203882162272727
6000,55,0.5189419221363637
6000,56,0.7764177789
6000,57,0.7680634207619047
6000,58,0.41795378454545457
6000,59,0.37655576609090907
6000,60,0.5429904595
6000,61,0.9467584360454545
6000,62,0.8937854139545455
6000,63,0.8206410103499999
6000,64,0.8641671796666667
6000,65,0.49025591427272724
6000,66,0.5565325325238095
6000,67,0.9086817584761905
6000,68,0.6022169801363636
6000,69,0.5432007694545454
6000,70,0.49913853064999997
6000,71,0.9760275411428572
6000,72,0.5241626273181818
6000,73,0.56368690605
6000,74,0.7835366113181818
6000,75,0.6943720465454546
6000,76,0.35679716868181816
6000,77,0.3103546646
6000,78,0.5233959652380952
6000,79,0.48530991545454544
6000,80,0.43673307277272727
6000,81,0.45328582900000003
6000,82,0.3366351431818182
6000,83,0.4683343253181818
6000,84,0.52331278055
6000,85,0.8608961513333333
6000,86,0.6118335258181818
6000,87,0.5208608175909091
6000,88,0.42205443995454545
6000,89,0.3582415642272727
6000,90,0.4227544120909091
6000,91,0.6447269199
6000,92,0.6102201908571429
6000,93,0.4959135098636364
6000,94,0.5126410304545455
6000,95,0.31620022513636364
6000,96,0.4093783855909091
6000,97,0.5711479757272727
6000,98,0.7107063869
6000,99,0.6576188095714286
6000,100,0.5010183468181818
6000,101,0.47906728440909085
6000,102,0.5563211443181818
6000,103,0.36711287145454546
6000,104,0.4919037511363636
6000,105,0.38197876765
6000,106,0.5952359591428572
6000,107,0.38014780086363636
6000,108,0.47803334054545454
6000,109,0.36500461040909093
6000,110,0.3527977837272727
6000,111,0.3247313452272727
6000,112,0.3449130831
6000,113,0.4676073153809524
6000,114,0.45267322140909094
6000,115,0.423330284
6000,116,0.4581820433636363
6000,117,0.5714026635454545
6000,118,0.5922932375454546
6000,119,0.4875892629
6000,120,0.3881972379523809
6000,121,0.4134987446818182
6000,122,0.44706016909090907
6000,123,0.43920363968181814
6000,124,0.31366313990909095
6000,125,0.27118371168181815
6000,126,0.44094984685
6000,127,0.556688379095238
6000,128,0.333473762
6000,129,0.33293758245454547
6000,130,0.3961441062727273
6000,131,0.31572943095238093
6000,132,0.2874435695454545
6000,133,0.47167638075000007
6000,134,0.561594556952381
6000,135,0.3966946515454545
6000,136,0.3239728526818182
6000,137,0.18918630300000003
6000,138,0.24355399886363635
6000,139,0.3041824141363636
6000,140,0.31809902745
6000,141,0.6883794968095238
6000,142,0.3531885862272727
6000,143,0.4020838158636364
6000,144,0.2664943041818182
6000,145,0.2978640901363636
6000,146,0.3738667455
6000,147,0.34697844899999997
6000,148,0.40361344676190475
6000,149,0.4835884708636364
6000,150,0.5442294670909091
6000,151,0.4886968356363636
6000,152,0.3751960944090909
6000,153,0.32224893622727274
6000,154,0.42395844385
6000,155,0.4183128506666667
6000,156,0.3361532826363636
6000,157,0.35566166295454543
6000,158,0.5986109569090909
6000,159,0.5758749804090909
6000,160,0.2821714342727273
6000,161,0.326549332
6000,162,0.31037764476190477
6000,163,0.3995738921363637
6000,164,0.23339481331818182
6000,165,0.2234180635
6000,166,0.2642011941363636
6000,167,0.22462369040909091
6000,168,0.17538504315
6000,169,0.2694809047619047
6000,170,0.49926282959090906
6000,171,0.6871574249090909
6000,172,0.8353156297727273
6000,173,0.36297111172727275
6000,174,0.23453270290909092
6000,175,0.3978514162
6000,176,0.618823385047619
6000,177,0.7905120928636364
6000,178,0.326193634
6000,179,0.28595850472727274
6000,180,0.3339289706363636
6000,181,0.304420935
6000,182,0.28828297185
6000,183,0.3396523359523809
6000,184,0.552358263
6000,185,0.48673964613636367
6000,186,0.25340054009090907
6000,187,0.20639893654545458
6000,188,0.24454365786363635
6000,189,0.32064117945000004
6000,190,0.30130895357142856
6000,191,0.5756734815
6000,192,0.20812292604545454
6000,193,0.16818042727272728
6000,194,0.243784844
6000,195,0.3039252485
6000,196,0.35022713235
6000,197,0.6224633038095239
6000,198,0.3988708639090909
6000,199,0.40407520436363636
6000,200,0.24866285154545453
6000,201,0.33166140077272727
6000,202,0.267955997
6000,203,0.32213353435
6000,204,0.2751106686190476
6000,205,0.28082680218181816
6000,206,0.25550882754545456
6000,207,0.24993922640909091
6000,208,0.28510016022727275
6000,209,0.2972672225909091
6000,210,0.3176547852
6000,211,0.6349207507142858
6000,212,0.8183774594545454
6000,213,0.4642700247272727
6000,214,0.6109652433181818
6000,215,0.5780218062272727
6000,216,0.4309614341818182
6000,217,0.36292854821052634
6000,226,0.281003635
6000,227,0.21447200627272728
6000,228,0.20697036609090907
6000,229,0.21370547277272725
6000,230,0.23649757122727272
6000,231,0.3353790733
6000,232,0.37090318666666666
6000,233,0.23867920631818185
6000,234,0.4509918586363636
6000,235,0.2758341306666667
6000,244,0.44807369954545456
6000,245,0.36257967495
6000,246,0.4321104396666667
6000,247,0.514434123
6000,248,0.4612081569545454
6000,249,0.9119206518181818
6000,250,0.8447784366111111
6000,251,0.7203616818181818
6000,252,1.28096518565
6000,253,1.006310284
6000,255,0.32106013925
6000,256,0.425470784
6000,257,0.4264741278636364
6000,258,0.3852129147272727
6000,259,0.4169608857
6000,260,0.38343310976190476
6000,261,0.3456684745454546
6000,262,0.3265199128181818
6000,263,0.3244291385
6000,264,0.31661001927272725
6000,265,0.3310517075909091
6000,266,0.3875623425
6000,267,0.38562789228571426
6000,268,0.2878935414090909
6000,269,0.36507395390476194
6000,270,0.42361492554545455
6000,271,0.5317356356818181
6000,272,0.5990355711818182
6000,273,0.7696843926
6000,274,0.5728276745238096
6000,275,0.5898166402727273
6000,276,0.2468061609047619
6000,277,0.7424524315
6000,278,1.1064683559545454
6000,279,0.5229564856363637
6000,280,0.5392074268421052
6000,281,0.5498301118095238
6000,282,0.4111298495454545
6000,283,0.35275966627272726
6000,284,0.4021626208181818
6000,285,0.6551367183181818
6000,286,0.5740525057272727
6000,287,0.49741435474999995
6000,288,0.4390752746666666
6000,289,0.6327533845714286
6000,290,0.5906771020434782
6000,291,0.7400824241499999
6000,292,0.529628432
6000,293,0.47325917422727276
6000,294,0.29801013505
6000,295,0.4300895726666667
6000,296,0.45248868722727276
6000,297,0.3880596389545454
6000,298,0.33443591122727273
6000,299,0.4764489001818182
6000,300,0.36596384381818187
6000,301,0.44382153969999993
6000,302,0.4687538391904762
6000,303,0.6338909609545454
6000,304,0.42271315940909093
6000,305,0.5261639960000001
6000,306,0.4041731100909091
6000,307,0.27592049027272725
6000,308,0.3716747164
6000,309,0.4176511802857143
6000,310,0.4430674381363637
6000,311,0.4761868845
6000,312,0.5005110952727273
6000,313,0.5639082644375
6000,314,0.6514973437272727
6000,315,0.7537041722222222
6000,316,0.7186244103333334
6000,317,0.7789302846956522
6000,318,0.5511306386666667
6000,319,0.4170077321818182
6000,320,0.4514754691052632
6000,321,0.3369338439090909
6000,322,0.34451917835
6000,323,0.17903586738095237
6000,324,0.673037141952381
6000,325,0.4998762593181818
6000,326,0.4045201517272727
6000,327,0.492055307
6000,328,0.5313418561363636
6000,329,0.5081577131499999
6000,330,0.6500492142380953
6000,331,0.6664807002727273
6000,332,0.38528197922727275
6000,333,0.5615634152727272
6000,334,0.3934391647727273
6000,335,0.6361976276818182
6000,336,0.7559272801000001
6000,337,0.6574995782380952
6000,338,0.4160063261363636
6000,339,0.5318850772272727
6000,340,0.857704913909091
6000,341,0.7045119458181818
6000,342,0.5234537779545455
6000,343,0.5099667559500001
6000,344,0.5764558598095239
6000,345,0.4360095179545454
6000,346,0.46312130077272723
6000,347,0.45376904386363637
6000,348,0.4190735986363636
6000,349,0.6248951278636364
6000,350,0.6178704245
6000,351,0.7605432567142857
6000,352,0.6758607930454545
6000,353,0.4524150611818181
6000,354,0.5050359311363637
6000,355,0.47738994036363636
6000,356,0.4059342543181818
6000,357,0.5634970804
6000,358,0.7105405458571429
6000,359,1.0245811798636364
6000,360,1.0876121824545455
6000,361,1.0481983602727274
6000,362,0.8148670100454546
6000,363,0.7541267496363637
6000,364,0.76708128885
6000,365,1.0559246777142857
