Site ID,DaysInto2017,TB_Ratio_daily_average
26,1,0.9618269665714285
26,2,1.0049185461666668
26,10,1.0149058354
26,11,1.1774940829090907
26,12,3.9418726681363636
26,13,3.0076736790909093
26,14,1.7873655036999998
26,15,0.9535665688947369
26,16,1.1452728429090908
26,17,0.4755347067
26,18,1.5679767920909091
26,19,1.406578630952381
26,20,2.2459518835
26,21,1.43838121075
26,22,1.028205125857143
26,23,1.834589071409091
26,24,0.9215394440476191
26,25,0.9255158773636364
26,26,1.0709255397272728
26,27,0.7006655665909091
26,28,1.5054498488
26,29,1.3276066304285714
26,30,1.6674244853636362
26,31,1.3050351262380953
26,32,1.1413114945454546
26,33,1.2426464063636364
26,34,1.4678542785909092
26,35,0.819853488
26,36,0.9223965629523809
26,37,1.2612853452727273
26,38,1.593632746409091
26,39,2.522897027
26,40,1.5049707100454546
26,41,4.191124158090909
26,42,1.5456441714
26,43,1.2651404542857143
26,44,3.057831618954545
26,45,1.8820650882857142
26,46,0.8092049543076923
26,47,1.3688177132727273
26,48,2.1137740332272728
26,49,0.9385958324500001
26,50,1.3408535046190475
26,51,1.5360586776363638
26,52,1.6336929566363636
26,53,2.2228750992272728
26,54,3.1177300876
26,55,1.2161611709545455
26,56,0.6590051728999999
26,57,0.7296727188095238
26,58,2.046341374357143
26,60,0.8387047631
26,61,0.5067108035909091
26,62,1.111684647909091
26,63,0.808644162
26,64,0.877021835142857
26,65,0.990996551909091
26,66,0.9413264218636364
26,67,1.830357332681818
26,68,2.4493334358636365
26,69,1.1177421200833335
26,70,0.8735504090833333
26,72,0.7196999261875
26,73,0.7915767183636363
26,74,1.8477686077727271
26,75,1.5170878135454544
26,76,1.0039254607272727
26,77,1.33372759305
26,78,1.0886272993809523
26,79,1.0647296184
26,80,1.127758714
26,81,1.3532260916818182
26,82,1.4455574655
26,83,1.0635119453636364
26,84,1.1677418900999998
26,85,0.69083405465
26,86,0.8686539241363637
26,87,1.7080911577272728
26,88,2.1659874655
26,89,1.4453635601
26,90,1.5599451390454546
26,91,1.03510540475
26,92,1.2638743949
26,93,1.4064651770454546
26,94,2.511833113318182
26,95,1.0636198981818181
26,96,1.4037910739545454
26,97,1.2443752965454546
26,98,0.88605743845
26,99,0.8224447542857143
26,100,1.500016912181818
26,101,2.3560093645454545
26,102,1.6773889160000002
26,103,1.5234310585454545
26,104,1.0027770956363637
26,105,1.04920877115
26,106,0.9546990428095238
26,107,2.460115834181818
26,108,3.8448427940454546
26,109,3.2937456812727275
26,110,2.125117274636364
26,111,1.495114538
26,112,1.1306641374
26,113,0.7424617949047619
26,114,1.4888988231363636
26,115,1.5371278916818183
26,116,1.0975468958636363
26,117,0.9437763532272728
26,118,1.4094553166818182
26,119,1.53744682505
26,120,1.029308938142857
26,121,1.6853928672727272
26,122,2.6987557233636363
26,123,0.9022447276190475
26,124,1.1813499863636363
26,125,1.426813858090909
26,126,1.55488079895
26,127,0.9881356075714287
26,128,2.0685091396363635
26,129,2.5981122867272726
26,130,2.930067835909091
26,131,2.385132073272727
26,132,1.4635688476363635
26,133,0.85812269355
26,134,1.0489899907142857
26,135,1.4481303248095239
26,136,1.332413811909091
26,137,1.3069685305909091
26,138,3.7228801664545457
26,139,2.9714537995454546
26,140,1.2540947089499999
26,141,0.47244441185714287
26,142,0.9100696234285715
26,143,0.8958174864545455
26,144,16.799123103636365
26,145,0.9733433079473685
26,146,1.126487777
26,147,1.3987277451
26,148,0.9821683442857143
26,149,1.4109484799545455
26,150,0.9659939105454545
26,151,3.8919961253181814
26,152,3.2584208236363637
26,153,2.1875871477727276
26,154,0.9379978669
26,155,1.7940593187142857
26,156,1.9829515501363637
26,157,1.38447926
26,158,0.8045256546363636
26,159,1.1534178888636364
26,160,2.008154628809524
26,161,1.00477776265
26,162,1.6400932741904761
26,163,2.6020083366363633
26,164,2.179614346333333
26,165,7.862891739380953
26,166,1.6515024293636364
26,167,1.4137557992727272
26,168,1.4023252417
26,169,1.7073002735238094
26,170,1.2988032049545455
26,171,0.7939611052727272
26,172,0.9065144235454544
26,173,2.039062901
26,174,1.669380226590909
26,175,1.517552908
26,176,0.7954354143333333
26,177,1.8088392551363635
26,178,2.879899373909091
26,179,2.232065994181818
26,180,2.109939318181818
26,181,2.238108387
26,182,1.9314511334
26,183,1.5005268475714284
26,184,1.4719685316363638
26,185,1.3625389968636363
26,186,2.1310405120454545
26,187,1.9522894425909092
26,188,2.050386756318182
26,189,2.3823199431999997
26,190,1.4142566227142856
26,191,2.8126109603636364
26,192,2.035591759
26,193,2.6296773851904764
26,194,1.4268569745909092
26,195,1.4368900297727274
26,196,2.39657188965
26,197,0.8340687072857143
26,198,1.2409956489090908
26,199,1.7094240183181817
26,200,1.534326570409091
26,201,1.7844624866818182
26,202,1.7235595020454546
26,203,1.5360545361
26,204,1.0718230179047619
26,205,1.781333293590909
26,206,1.5071326393636364
26,207,1.110679195
26,208,1.3882793226818182
26,209,2.2730247975454545
26,210,2.11197582245
26,211,1.0937802625238096
26,212,0.9936450470909091
26,213,1.3290759977727271
26,214,0.6855130457727273
26,215,0.7775820403636363
26,216,1.7407089352272727
26,217,1.08361186335
26,218,1.310630466625
26,219,3.090954809363636
26,220,2.1602970980416667
26,221,1.8823825711904765
26,222,2.5339728587619046
26,223,1.7483393777272729
26,224,1.5974877369
26,225,1.7068580761904764
26,226,1.4961426965454547
26,227,1.7268363295454547
26,228,2.1703811502272727
26,229,1.4772418688181816
26,230,1.6058253322857143
26,231,2.6077599147
26,250,0.7079519202631579
26,251,0.5646665559545455
26,252,0.34009268505
26,253,0.6397240935238095
26,254,0.78466220315
26,255,1.697130510772727
26,256,1.7293919049523812
26,257,2.7338158237727272
26,258,1.3628918167727273
26,259,0.9527428616
26,260,1.0159557936666668
26,261,2.887814301857143
26,263,2.2218430295454543
26,264,2.123880068590909
26,265,2.0518025990454545
26,266,1.4063088052307693
26,268,2.3998968438125
26,269,4.259614009818182
26,270,2.0830494322307693
26,271,1.563900837153846
26,272,0.5146771433181818
26,276,2.1750802404090908
26,277,1.3506187307727273
26,278,0.9822579768666667
26,279,1.373739201
26,280,0.7972732117777778
26,285,1.2751485575000001
26,286,0.8584032312272728
26,287,1.0772398491000001
26,288,0.9825987153809524
26,289,0.5217351905454545
26,290,0.5290988948181817
26,291,1.0831178237272727
26,292,1.1572220303181817
26,293,1.8279017832272728
26,294,1.5350413312
26,295,1.3816825718095238
26,296,1.257604821181818
26,297,1.532547623272727
26,298,1.9513604594705882
26,299,1.771001212590909
26,300,1.0086291354090908
26,301,0.7267795901499999
26,302,1.391117267
26,303,1.3534889826818182
26,304,1.8507175340476192
26,305,1.766273199952381
26,308,1.1729558839444445
26,309,1.4229668648095237
26,310,1.1899899608636364
26,311,1.2378161416363638
26,312,0.7209196831818182
26,313,0.7554648868181818
26,314,0.9688885450555556
26,315,0.7906347011499999
26,316,0.9976520783333334
57,1,0.9759410502631579
57,2,15.6912699955
57,3,3.011236098409091
57,4,1.4547383754545455
57,5,1.6622139847272728
57,6,1.0246746816363637
57,7,1.0537116062499998
57,8,1.1364179909523808
57,9,1.1433044875
57,10,3.4978661000909095
57,11,1.7661725231363639
57,12,1.221145021409091
57,13,1.1951844368636364
57,14,1.6560700995000002
57,15,0.6927655873809524
57,16,1.160534886727273
57,17,1.6779535101363636
57,18,1.9152889141363636
57,19,1.9704998136363636
57,20,2.7371167703181816
57,21,1.7559138284
57,22,25.176501540619046
57,23,2.5016933906818184
57,24,1.334923573
57,25,2.103163399944444
57,26,2.033903138904762
57,27,1.5298176545909092
57,28,1.9419043522
57,29,2.2131504157619046
57,30,3.335408956047619
57,31,2.924319203590909
57,32,1.9347053949545454
57,33,2.253793145227273
57,34,0.9953362768636363
57,35,2.8035175307499998
57,36,1.5601979534285715
57,37,8.598876163318183
57,38,30.14391646319048
57,39,10.083444997500001
57,40,1.0402837781818182
57,41,1.2518809365909092
57,42,45.59435166605
57,43,17.27390434552381
57,44,1.7066062235909092
57,45,1.4357876115294117
57,46,1.8109491085454545
57,47,2.182675285681818
57,48,1.8061713627272729
57,49,2.54925081265
57,50,1.0440465447142857
57,51,20.761280990818182
57,52,2.5724359273636366
57,53,3.0816134686818177
57,54,1.3342865741363636
57,55,2.3611186386363636
57,56,1.3885595263500001
57,57,0.7438439682857142
57,58,0.8346649622272728
57,59,1.6039500381818181
57,60,15.343293777136363
57,65,1.0364969313333334
57,66,2.686631436681818
57,67,1.4989541801818183
57,68,1.2410381495454545
57,69,1.595763745909091
57,70,1.48763142435
57,71,1.2373911617142856
57,72,1.712456072681818
57,73,1.4998437033636365
57,74,1.4394746615
57,75,1.6749290373636363
57,76,0.8576213617272728
57,77,1.39393209235
57,78,2.200364483285714
57,79,20.292093073363635
57,80,41.06016195136363
57,81,2.6762889505
57,82,1.1369773045454545
57,83,1.3900513714545455
57,84,2.08091818665
57,85,0.8617654822380952
57,86,1.556740197181818
57,87,0.7628339685454545
57,88,1.746738933863636
57,89,2.7882837058636363
57,90,2.393678690409091
57,91,1.0757034347499999
57,92,1.6158691207619047
57,93,2.958376446409091
57,94,0.9621826804545454
57,95,18.06416374081818
57,96,9.992116229
57,97,2.0821646803636362
57,98,1.0720629076
57,99,0.6742569476
57,100,1.4887629330909091
57,101,2.0113055268636364
57,102,1.7887475531818182
57,103,1.5993043741578947
57,104,1.402128363
57,105,0.9299821642499999
57,106,0.6549270543333334
57,107,1.6246833619999999
57,108,1.4554466781363635
57,109,1.1599542625714285
57,110,1.5544924861363638
57,111,2.0116670723181818
57,112,3.37445813545
57,113,6.670158123
57,114,2.942815535409091
57,115,2.003153006954545
57,116,2.8033106583636362
57,117,2.1607827846363636
57,118,0.684460225
57,119,0.9758593811499999
57,120,26.028133112857144
57,121,2.430984387
57,122,8.277823376363635
57,123,7.285103199454546
57,124,47.752236324818185
57,125,32.81263765431818
57,126,2.59315429735
57,127,1.932009431238095
57,128,2.6633547168181817
57,129,0.8817514052727272
57,130,0.9526356838181819
57,131,1.2546881185454546
57,132,15.74751417909091
57,133,9.7936661069
57,134,1.5415855546666666
57,135,1.5198048760454546
57,136,0.6116523376818181
57,137,1.031394387318182
57,138,0.7222113312272728
57,139,0.8040527912272727
57,140,0.56078936215
57,141,1.6208422398571427
57,145,1.6854354565
57,146,1.067302538875
57,147,1.2281419816999999
57,148,0.947539536047619
57,149,1.817063168727273
57,150,1.3391562065999998
57,151,1.1766791786
57,153,1.2068115875714285
57,154,0.9846146184
57,155,1.3048830387619048
57,156,2.5846305639545455
57,157,2.6553358340454545
57,158,28.078147230818182
57,159,1.4716984426000002
57,160,1.285531026681818
57,161,0.52154989845
57,162,1.1326431107142856
57,163,0.960995521
57,164,1.0178951042
57,165,1.3969282312
57,166,2.7968512756363637
57,167,4.013986332181818
57,168,2.3197416017
57,169,1.2326609048571429
57,170,1.8009325825
57,171,2.230167914272727
57,172,63.45354193604546
57,173,3.3084930757727276
57,174,1.9389008943636363
57,175,2.4697335613
57,176,1.7051596863809526
57,177,1.2002576910454545
57,178,1.4735355913636363
57,179,1.6747662597272728
57,182,1.1181076429999999
57,183,1.468861323095238
57,184,2.5814078995454546
57,185,2.1839033820454543
57,186,2.0160032058181816
57,187,1.4946487470909091
57,188,28.87982109186364
57,189,4.6558339922
57,190,3.4344621030952376
57,191,1.9704520891818182
57,192,2.425575052090909
57,193,1.5341606874090907
57,194,1.3153122452857142
57,195,2.7140791804545454
57,196,3.23444764905
57,198,1.5210047700454545
57,199,2.6154523156818184
57,200,2.0917308410625
57,201,3.695565478590909
57,202,4.482818287863636
57,203,3.6046420439499998
57,204,56.088109653571436
57,205,5.148010091363637
57,206,2.1650767076363633
57,207,2.7267488879545456
57,208,3.795834082615385
57,209,3.4738400294615386
57,210,4.3001374951499995
57,211,2.8637169764285715
57,216,0.9873778717499999
57,217,1.6760881566842105
57,218,1.3715136373809524
57,219,2.9446957055714287
57,220,61.433070866
57,221,53.60558339354545
57,222,19.896975359933332
57,223,6.352888584136363
57,224,5.615335812500001
57,225,4.485698307761905
57,226,5.444559456454545
57,227,36.52349442513636
57,228,3.6032161324545453
57,229,33.615033655590906
57,230,21.11094679909091
57,231,8.2403733378
57,232,3.0178511794285714
57,233,1.3036944101818182
57,234,3.3674622790454545
57,235,7.605893893818182
57,243,1.5449302409999999
57,244,5.9547519656
57,245,7.503888611150001
57,246,5.441213991666666
57,247,2.611193493181818
57,248,3.009174190909091
57,249,2.2139148769090906
57,250,2.2081137265625
57,251,1.8961793449090907
57,252,1.8651290783500003
57,253,1.8420477522857144
57,254,3.106975099590909
57,255,3.7382359861363637
57,256,3.826569169727273
57,257,1.4009012003749999
57,258,1.7030965469333335
57,259,1.8031469405
57,260,1.7276155904761903
57,261,2.9870953744545456
57,262,2.8156192645
57,263,3.1401176308181817
57,264,1.5076545667272727
57,265,1.4014375222272728
57,266,1.52953288855
57,267,1.051621556095238
57,268,1.2213326381363636
57,269,1.3614611507727272
57,270,2.1635510128636364
57,271,3.411016649315789
57,275,1.6027715052000002
57,276,3.6965896212727274
57,277,1.9433113163636364
57,278,1.716346574272727
57,279,1.8720958093181819
57,280,2.91533878645
57,281,3.1012123913809524
57,282,22.043536524636362
57,283,2.678403935636364
57,284,3.0239998090909093
57,285,1.6010791302727272
57,286,1.8157542686363635
57,287,1.1868314937368423
57,288,2.190659134857143
57,289,2.3831141526363635
57,290,2.6483322522727275
57,291,1.9661125333181817
57,292,2.346996399681818
57,293,2.1541784745454544
57,294,1.2262899864999999
57,295,25.970139476285713
57,296,3.1609585032272722
57,297,4.264453257363636
57,298,3.619708252090909
57,299,3.9499641293636363
57,300,3.161774208238095
57,301,24.9049427376
57,302,4.071432493
57,303,2.7534731868636366
57,304,1.4870202213636363
57,305,4.478973842772727
57,306,21.121364262818183
57,307,2.879842927681818
57,308,89.45468358180001
57,309,3.6865492866666667
57,310,31.93853807659091
57,311,97.770123273
57,312,2.0858342973636366
57,313,2.374585713
57,314,1.4478131052272727
57,315,1.52562720935
57,316,1.5484252086666668
57,317,1.7201606279230768
57,318,2.2677017665
57,319,1.7742511780909092
57,320,1.3225774742272727
57,321,4.954834077409091
57,322,19.2904126208
57,323,12.904159526285715
57,324,2.043871588090909
57,325,1.4084756436666666
57,326,1.662674575181818
57,327,1.8038564719545456
57,328,2.423994674590909
57,329,1.5915831306
57,330,1.7288149878095238
57,331,1.6927443388636363
57,332,2.1268462159545454
57,333,2.2713804275454548
57,334,3.2811382786818184
57,335,2.1129674275454544
57,336,1.63985834345
57,337,1.5694022350952381
57,338,1.649112061227273
57,339,2.780859792
57,340,1.7901004359047619
57,341,1.92754435
57,342,2.0645076910454545
57,343,3.5820995445
57,344,2.590650126238095
57,345,5.229249542090909
57,346,3.2847083485
57,347,4.819095434545455
57,348,3.5511416053636364
57,349,1.9312721697272728
57,350,1.6663220662499998
57,351,1.8568517572380951
57,352,2.2873485096818182
57,353,27.27462583490909
57,354,3.488818065636363
57,355,3.454771560954546
57,356,3.390696856
57,357,2.1716248906
57,358,1.469037622
57,359,1.3850982833636363
57,360,1.2223367890454546
57,361,1.347893774909091
57,362,1.3405207247272726
57,363,1.3389281295000002
57,364,1.50129188725
57,365,1.0235834576666667
69,1,1.4585493307142858
69,2,6.369571353363636
69,3,3.614754363590909
69,4,1.646468777590909
69,5,1.8675045290909091
69,6,1.6013885392727274
69,7,1.2699281088499998
69,8,1.0363724872380953
69,9,1.568304914909091
69,10,1.216121608952381
69,11,1.373992106909091
69,12,1.5465940203636364
69,13,1.9284613542499998
69,14,2.6708582444499998
69,15,2.6316953704285715
69,16,6.750948322590909
69,17,1.8158278851818181
69,18,2.150140209090909
69,19,1.9057737728181818
69,20,2.0009146674545453
69,21,2.0191066682
69,22,1.4066476147619047
69,23,2.140814218090909
69,24,1.3161543912727274
69,25,2.4435532429545455
69,26,2.612428227818182
69,27,2.4633677013636364
69,28,2.0760820304
69,29,2.0818568292380952
69,30,1.9070907770454546
69,31,1.4886305555000001
69,32,1.4388438280454545
69,33,2.2356831959545453
69,34,1.3025397125652174
69,35,1.3446234629
69,36,6.393983412380953
69,37,4.390847574714286
69,38,7.574150223272727
69,39,2.054542561090909
69,40,1.1617773392272728
69,41,1.3924405383636365
69,42,35.44541239995
69,43,1.6761643688571428
69,44,1.6779114640000001
69,48,1.3562814569166666
69,49,1.64435479095
69,50,1.7404352358095236
69,51,2.032696527142857
69,52,4.0320985345
69,53,2.928699894095238
69,54,1.4311105917272728
69,55,2.238030159590909
69,56,1.6268309383
69,57,1.1930493342857145
69,58,2.089486261363636
69,59,1.614077069590909
69,60,1.9580376840454543
69,61,1.8149524865909092
69,62,1.1739037443636364
69,63,1.11753325095
69,64,1.4518614227619049
69,65,1.4987457667272728
69,66,1.7407365275000002
69,67,1.1375467096818181
69,68,1.4671974367272727
69,69,1.7630592536818184
69,70,1.82893705585
69,71,1.3345760175238095
69,72,2.221972735681818
69,73,1.7494453261363636
69,74,1.6582051862272729
69,75,1.7678455072272727
69,76,1.6469312048571427
69,77,1.5189410813
69,78,1.4196690031428572
69,79,1.266379268909091
69,80,10.020928546318181
69,81,10.75194989659091
69,82,4.837822806909091
69,83,16.438674892863634
69,84,1.8876949285000002
69,85,0.9450735581428572
69,86,1.1753112886818182
69,87,1.1686021045454547
69,88,2.5885373635833333
69,89,4.4843403413636365
69,90,1.4696370937727272
69,91,1.32606234545
69,92,1.8963277250952382
69,93,1.7337500337727272
69,94,1.4160107497727272
69,95,4.3260030985454545
69,96,7.666069748545454
69,97,1.6585228908636365
69,98,1.3626321858000001
69,99,3.985593949142857
69,100,1.7729985503636363
69,101,2.0501643177272726
69,102,2.1054296413636364
69,103,2.3186815020714286
69,104,2.2595789066363636
69,105,18.1703552677
69,106,1.4442140907142857
69,107,13.901143958454544
69,108,2.1541381514545455
69,109,6.343530487818183
69,110,24.478594634045454
69,111,39.415677750727276
69,112,2.6016230081
69,113,2.207032450809524
69,114,2.132050769090909
69,115,22.917641563636366
69,116,2.337325346047619
69,117,1.544445555909091
69,118,1.0790742395
69,119,1.4821430735
69,120,3.2828255787142857
69,121,1.8341798777727272
69,122,1.8573764365454546
69,123,2.320789487863636
69,124,4.390109627681818
69,125,3.2608808855454545
69,126,2.0239617178
69,127,1.5165531367619047
69,128,1.739803756909091
69,129,1.6716355970454544
69,130,12.283760661761907
69,131,15.65482047259091
69,132,3.2406382192307692
69,133,2.1956845023500002
69,134,1.7046361649047619
69,135,2.1218761663636365
69,136,25.222134681681815
69,137,19.174294465545458
69,138,23.934360896545456
69,139,26.141870139727278
69,140,43.557920106400005
69,141,1.3844866525238095
69,142,2.488085972590909
69,143,2.220065189181818
69,144,4.5428355580454545
69,145,13.43419926040909
69,146,2.2061706495454545
69,147,15.794294434349998
69,148,9.66844655104762
69,149,1.8968883723181817
69,150,1.5957188257272727
69,151,1.7355172896818183
69,152,2.322651301090909
69,153,2.083276932227273
69,154,2.0671103314500003
69,155,2.1163549526190475
69,156,2.877193169954545
69,157,2.9991080845909086
69,158,2.2762281113636367
69,159,1.4562895292272728
69,160,2.0189795367272727
69,161,11.38612569825
69,162,7.418219060190476
69,163,2.285625262727273
69,164,22.684838503545453
69,165,51.70401730386364
69,166,40.06189662572728
69,167,30.930396382374997
69,168,48.94600189615
69,169,32.06134351071429
69,170,2.3726817076363633
69,171,1.7228331280454545
69,172,2.613796335772727
69,173,3.256439252409091
69,174,20.637676166636364
69,175,2.80890122725
69,176,1.7331872370952381
69,177,1.0998308093636364
69,178,2.3681662675
69,179,2.6050596285
69,180,3.312167258384615
69,188,26.132861153105264
69,189,30.186413109799997
69,190,12.075065475523811
69,191,2.0144167923529412
69,192,36.75584698031818
69,193,35.017532119
69,194,40.929106476090915
69,195,3.539222805409091
69,196,4.2379099977
69,197,2.1919150877619047
69,198,2.4561259003333333
69,199,3.4381002034090913
69,200,15.159136911454544
69,201,3.718959980818182
69,202,43.96291929163636
69,203,14.518328764700001
69,204,33.17881072285714
69,205,48.62943158659091
69,206,29.589787749454548
69,207,25.354440007235297
69,208,2.7743766254
69,215,1.98203755575
69,216,1.9929714998823531
69,217,2.96387801435
69,218,21.828236732666667
69,219,3.288556907545454
69,220,3.322088908090909
69,221,2.3761005658
69,222,3.1013172336
69,223,7.647454069136364
69,224,2.217257319
69,227,6.087011952
69,228,77.95299822380953
69,229,33.99369832188889
69,230,1.785376662
69,231,37.61496798015
69,232,24.780892939857143
69,233,7.950853045500001
69,234,3.2247505875454547
69,235,2.9568417817142856
69,255,3.007113963846154
69,256,2.477884966409091
69,257,2.4545464997272726
69,258,2.0900198275909094
69,259,2.92849767965
69,260,6.989972582904761
69,261,3.7253687382857144
69,262,3.4987156182
69,263,4.656707601818182
69,264,2.8680938871111112
69,265,2.2305576424545452
69,266,2.19553846835
69,267,2.3916235325238095
69,268,2.4696613278636366
69,269,2.9124009164999998
69,270,2.4195755391363636
69,271,2.7901320786818182
69,272,2.4595115159545453
69,273,2.0060026942499998
69,274,1.7454687263809523
69,275,1.5656282306363636
69,276,18.336153915863637
69,277,2.0688977168636367
69,278,1.7346180923636363
69,279,2.465730433045455
69,280,2.61078546755
69,281,2.2162983293809524
69,282,2.377890028818182
69,283,3.4580419119090906
69,284,2.630226140125
69,285,1.8964138353181819
69,286,1.9467261976363637
69,287,1.79095325235
69,288,2.210480623
69,289,1.969409076
69,290,2.053041771409091
69,291,1.6113091318181818
69,292,1.9585841980000003
69,293,2.511875951863636
69,294,12.24531273345
69,295,2.225087581
69,296,2.6276759103636365
69,297,4.194067914818182
69,298,3.5496546184761906
69,299,2.116401646863636
69,300,2.966763418272727
69,301,2.19795376555
69,302,1.785202005047619
69,303,1.782667684590909
69,304,2.367390622409091
69,305,2.387373332227273
69,306,1.9134183982857145
69,307,2.2911644665
69,308,7.67441982365
69,309,5.557704266952381
69,310,1.9293211128636365
69,311,7.235563434363636
69,312,2.190802773318182
69,313,2.547329376681818
69,314,1.7217837236363636
69,315,1.3376446556000001
69,316,1.4492739701428572
69,317,1.6270954524545453
69,318,1.7877497733636363
69,319,2.1428013610454544
69,320,1.9641050593636364
69,321,2.231762924904762
69,322,1.88859055345
69,323,1.3525729128095239
69,324,1.3686474045714285
69,325,1.6916418354999998
69,326,1.8411860241666667
69,327,1.5182309913636365
69,328,1.3178047133636364
69,329,1.7409921445999998
69,330,1.9757755591904764
69,331,1.3787986336363636
69,332,2.435324418136364
69,333,2.147568785909091
69,334,2.9670502436818182
69,335,1.7722354380454546
69,336,1.69083729295
69,337,1.6031198793333334
69,338,2.1951530149090908
69,339,2.0595395059545454
69,340,1.648437044090909
69,341,1.8750950019545456
69,342,2.602381839136364
69,343,2.2374562664999997
69,344,1.9341904182857144
69,345,2.2626509029545456
69,346,2.359439609181818
69,347,2.374430576409091
69,348,2.6178406565
69,349,1.5871419764090908
69,350,1.44664094885
69,351,1.431758246142857
69,352,1.783237628590909
69,353,2.077422709142857
69,354,2.1835412444090907
69,355,2.2327057685000002
69,356,1.5963509742857145
69,357,1.80527241975
69,358,1.3231768058095237
69,359,0.9953379254090909
69,360,1.133953300590909
69,361,1.4553595839545457
69,362,1.592558761590909
69,363,1.527125037318182
69,364,2.05703580045
69,365,0.8541892582857142
617,1,1.2370586514285715
617,2,5.946602538363636
617,3,1.5601437578181818
617,4,0.8908299210454547
617,5,0.9728955415909091
617,6,0.716303568
617,7,0.6022488559
617,8,0.8621239757777778
617,15,1.275431490611111
617,16,1.5416127205
617,17,1.4135401241818182
617,18,1.7846204479090908
617,19,4.591610091363637
617,20,1.1893161605454545
617,21,2.40365024725
617,22,1.0891019592380953
617,23,1.626937939318182
617,24,3.389271648157895
617,25,1.847517821681818
617,26,1.2574110703181818
617,27,1.045009804409091
617,28,1.3614213432
617,29,1.312686149
617,30,2.0853268353636363
617,31,1.5647022142727274
617,32,1.8530090191818183
617,33,1.5240426349545453
617,34,0.8656691667727273
617,35,0.8673422414499999
617,36,1.5606679237619048
617,37,2.3287330009545455
617,38,9.401735381227272
617,39,2.863932133909091
617,40,1.0198868589090908
617,41,3.1171394039545457
617,42,9.76461121325
617,43,8.273200794523811
617,44,1.9414766565454544
617,45,1.5682523887727273
617,46,2.0012770083636364
617,47,2.6572207526363636
617,48,1.8431250602272726
617,49,2.2595756688999997
617,50,25.87082000957143
617,51,30.028143756045452
617,52,3.583949356454546
617,53,2.6275855215454547
617,54,2.3424483704545453
617,55,5.320880259681818
617,56,1.0649772552
617,57,0.8485744461904762
617,58,32.03970700786667
617,59,19.320921548157894
617,60,3.517030331625
617,61,1.211493685727273
617,62,1.2005800141363636
617,63,1.340400654
617,64,8.587873245190476
617,65,12.108965892500002
617,66,12.809233072454544
617,67,1.3076157458636364
617,68,16.606523385909092
617,69,2.217522829590909
617,70,2.02262992945
617,71,3.2818752101904756
617,72,1.7012272277272729
617,73,1.2785171751363635
617,74,2.378990717590909
617,75,11.639506684090911
617,76,1.877060699409091
617,77,2.4407744005
617,80,35.23741920436363
617,81,41.09878914559091
617,82,22.823960457727274
617,83,18.489679126227273
617,84,12.70514881145
617,85,2.224931572761905
617,86,7.251250579454545
617,87,21.66275719731818
617,88,14.790464604772728
617,89,17.597976585545453
617,90,6.270056267500001
617,91,23.8132060447
617,92,20.15912122604762
617,93,3.030091099454545
617,94,4.0414917624545454
617,95,19.280773236409093
617,96,7.501826766909091
617,97,2.4130957692272728
617,98,16.71873760275
617,99,35.24373428795238
617,100,48.85810625163636
617,101,18.961192455136363
617,102,17.917342819772728
617,103,35.01169675863636
617,104,32.54669627040909
617,105,55.3020063762
617,106,82.12238561838096
617,107,55.68320438618182
617,108,58.68237981984211
617,109,55.70903671986364
617,110,152.98396041977273
617,111,38.955000892
617,112,6.895645341450001
617,113,14.45731658204762
617,114,6.183306547454546
617,115,23.009477236800002
617,116,13.715363943
617,117,6.739325885142857
617,118,4.706219593954546
617,119,24.7155852908
617,120,16.209144050952382
617,121,23.788408862818184
617,122,109.75204261145454
617,123,40.69400106122727
617,124,50.92287054209091
617,125,34.26891958363637
617,126,2.6963175867
617,127,34.905777394285714
617,128,67.024613267
617,129,54.65352466159091
617,130,87.72981997195456
617,131,55.11134718995454
617,132,36.34963908236364
617,133,17.4534509551
617,134,47.49566228328571
617,135,70.33410189568181
617,136,49.4920802135
617,137,84.37333372436363
617,138,65.31657063095454
617,139,54.96682356540909
617,140,77.7169898401
617,141,21.52406705385714
617,142,58.79660519418182
617,143,53.25465586004545
617,144,72.35040640445455
617,145,41.16124845218182
617,146,39.689928766
617,147,45.814315971999996
617,148,111.46018999166667
617,149,30.371616016318182
617,150,26.0270254775
617,151,50.26187504386364
617,152,66.58147919295455
617,153,68.3303897669091
617,154,92.10239201549999
617,155,67.84475261461905
617,156,10.83790265
617,158,1.6831203535
617,159,2.0215970521818183
617,160,2.961947301818182
617,161,12.982957987899999
617,162,29.41800584452381
617,163,20.002345151863636
617,164,34.452163813272726
617,165,22.609622549318182
617,166,35.74098421863636
617,167,36.82539845118182
617,168,17.81293217955
617,169,22.192577385
617,170,6.269607535409091
617,171,3.911830802863636
617,172,11.468320561363637
617,173,8.528934985045455
617,174,14.036132440136363
617,175,16.5243962821
617,176,5.064088347666667
617,177,1.893880433409091
617,178,10.765859110181818
617,179,17.497768850090907
617,180,12.245989233772729
617,181,34.09291486377273
617,182,10.64011913945
617,183,28.191302411095236
617,184,12.43976993140909
617,185,5.059116767681818
617,186,32.043777831999996
617,187,31.57447723395455
617,188,6.148281193681819
617,189,2.2112702089500003
617,190,22.508196848666664
617,191,3.1386248581363634
617,192,8.400872202227273
617,193,47.237341632318184
617,194,27.132105671545457
617,195,17.185782908545455
617,196,3.2752607177999997
617,197,2.2447781744761905
617,198,4.692429935863637
617,199,6.033441447636363
617,200,3.0992637319545455
617,201,4.990224864636364
617,202,6.032898028363636
617,203,5.9823690586
617,204,5.729711156666666
617,205,4.2888385531363635
617,206,8.505454512454547
617,207,8.612871699454546
617,208,5.262561393863636
617,209,3.9448929838181823
617,210,3.4179097368
617,211,4.113474737571428
617,212,4.591755971045455
617,213,6.892836340210526
617,214,2.5783104371363637
617,215,7.162885377136363
617,216,4.273345197136364
617,217,3.9470833466000004
617,218,37.781776033142854
617,219,6.552989607727272
617,220,13.342272600454544
617,221,13.999208728045454
617,222,8.880119134
617,223,4.297176922727273
617,224,17.57891926765
617,225,33.25846635719048
617,226,73.61820635642857
617,227,55.29255450277273
617,228,45.152605084818184
617,229,53.838706747636365
617,230,16.727577639045453
617,231,14.97592749845
617,232,32.2853805762381
617,233,40.51609878540909
617,234,11.845771022500001
617,235,3.631336117
617,236,1.807025639
617,237,2.1704988825
617,243,2.840063068
617,244,3.811148777571429
617,245,2.2027351156153845
617,246,2.4200816254705884
617,247,21.679172937875
617,248,16.198838928944443
617,249,1.19221030275
617,250,1.8444024882857144
617,254,1.1110462073333334
617,255,2.0043799802857145
617,256,1.600122255681818
617,257,2.8807730754444445
617,258,2.3212022597727273
617,259,1.43270069965
617,260,13.718178084571429
617,261,2.5733142285454544
617,262,14.485025691363637
617,263,10.356048803409092
617,264,8.08146980959091
617,265,10.446384181681818
617,266,5.1504701939999995
617,267,8.79892225147619
617,268,10.349438894363637
617,269,21.34556582490909
617,270,1.9256848910909092
617,271,1.4078201970454545
617,272,3.338263589590909
617,273,1.3458864262
617,274,1.2630776222857143
617,275,1.2182382633636364
617,276,5.5528746444
617,277,1.3224892242272728
617,278,1.4069584349545454
617,279,1.3894839078181818
617,280,0.99535714045
617,281,1.4473189988571429
617,282,2.5100373064999997
617,283,1.454210474368421
617,284,0.8466982927272727
617,285,1.2334775304545453
617,286,1.0843830145
617,287,11.760137515150001
617,288,4.495140238
617,289,0.7126873403181818
617,290,1.1757500565454544
617,291,1.4548610078500002
617,292,0.9455836610909091
617,293,1.475344654090909
617,294,29.939121938099998
617,295,10.625084237333333
617,296,3.4490288849090907
617,297,3.3412419625
617,298,4.171544161227273
617,299,1.5881025791363634
617,300,1.1002541161818182
617,301,2.15093986845
617,302,1.1224078559047619
617,303,2.5814828142727273
617,304,1.2103928133181818
617,305,1.3904517926363638
617,306,20.33321440840909
617,307,13.57098810794737
617,308,4.18277817605
617,309,26.862143281476186
617,310,42.14623782940909
617,311,13.154081817863636
617,312,1.0527012597272727
617,313,1.2616174341818183
617,314,1.276043046590909
617,315,1.1901258175
617,316,1.5499361248571428
617,317,1.711127991090909
617,318,1.2530992768
617,319,2.4392802455789475
617,320,1.2420843167272728
617,321,5.0841692885
617,322,15.034383316700001
617,323,0.6693470668571428
617,324,1.1349540730909091
617,325,1.3290315281818181
617,326,0.7067782318636363
617,327,1.138710867681818
617,328,1.2682093727272727
617,329,1.6648793415499998
617,330,0.9640552413333333
617,331,1.6983026096363636
617,332,2.414671717
617,333,2.1082319515454544
617,334,3.4313309378636365
617,335,1.4710475215454546
617,336,1.22005190475
617,337,0.9204577493809523
617,338,3.765536125590909
617,339,1.3387423325909091
617,340,0.8755681444090908
617,341,1.6723714029047618
617,342,2.665055509318182
617,343,2.1319462238
617,344,1.3005540244285716
617,346,1.5485685861818181
617,347,1.8431766761818182
617,348,1.979520504
617,349,1.49340975635
617,350,0.94082074
617,351,1.179093433952381
617,352,1.1883520517727273
617,353,25.021051195954545
617,354,1.6910194719545453
617,355,2.055010953727273
617,356,14.863550460000003
617,358,0.9958177994210525
617,359,0.7272858516363637
617,360,1.2650398065555555
617,361,0.7013391308181819
617,362,0.8799175838636363
617,363,1.0675172631818182
617,364,1.4310325053
617,365,0.7870812943809524
803,1,1.1039929197619047
803,2,2.2992661214090906
803,3,2.428694992454546
803,4,1.1000034454545455
803,5,1.1924594133181818
803,6,0.8697608800909091
803,7,0.906701975
803,8,0.7491926532857143
803,9,1.2480966147727273
803,10,1.719194820818182
803,11,1.9177862871363636
803,12,2.6325336387272724
803,13,0.9716196181363635
803,14,0.72857259445
803,15,1.1213977517619047
803,16,1.9470673193181818
803,17,1.1785420148181818
803,18,1.4441988165416666
803,19,1.7705792270416667
803,20,2.1310697475833336
803,21,1.5735389253636363
803,22,1.68766599925
803,24,1.874629632818182
803,25,1.9154674628421053
803,26,1.4509593497727273
803,27,1.5868437610000001
803,28,1.5581160497
803,29,1.487704532095238
803,30,2.0965274041818183
803,31,1.997710385590909
803,32,2.042055215772727
803,33,2.0921115859545454
803,34,0.835551719409091
803,35,0.8595814704
803,36,1.4953708074761904
803,37,1.977053952
803,38,2.400523298181818
803,39,2.029593782590909
803,40,0.8082565228636365
803,41,1.3816836533181818
803,42,2.4455449695500002
803,43,1.7548064047619047
803,44,0.9623638521363636
803,45,1.6876503836818182
803,46,1.9047825960000002
803,47,1.9581733687727272
803,48,1.1590458484545456
803,49,1.55552142785
803,50,1.204005847952381
803,51,1.7192855233636364
803,52,2.7607990975454544
803,53,2.7028839208125
803,54,1.4009817685454544
803,55,2.0904299429444446
803,56,0.97684771205
803,57,0.7756067555714287
803,58,2.1803748670454546
803,59,2.0717032008181815
803,60,4.498427765500001
803,61,1.0523572671818182
803,62,0.8723131345454544
803,63,0.7466290899000001
803,65,2.1050592305
803,66,1.56931080575
803,67,0.9926035012272727
803,68,1.2477392496363637
803,69,1.2828389944166667
803,70,0.7844245387
803,71,0.934620745904762
803,72,2.049008212636364
803,73,1.2796309307727272
803,74,0.8345139306818182
803,75,1.8686336566363637
803,76,1.6690307001363636
803,77,1.7464486785000002
803,78,1.614682344
803,79,2.2428802563636365
803,80,2.4185803387272724
803,81,2.2116123169999997
803,82,1.0366355429090908
803,83,1.4650620407727273
803,84,2.7548685009500002
803,85,1.0341122782380954
803,86,1.7228262500454543
803,87,0.5908296981818182
803,88,1.1396912180909091
803,89,2.8050347875000003
803,90,2.7438951105454548
803,91,0.9136898724
803,92,1.4241070382380951
803,93,2.1160712305000002
803,94,1.2581800864090908
803,95,2.359263000818182
803,96,2.5408433664545456
803,97,1.5477037887727272
803,98,1.5515255104499999
803,99,1.0061147025714285
803,100,0.8386267222727273
803,101,1.6488197015909092
803,102,1.349099213590909
803,103,0.9534825817727274
803,104,1.458282474
803,105,3.2770511786500003
803,106,0.678787276095238
803,107,1.0461428894285714
803,109,0.8694112986666667
803,110,1.154676462888889
803,111,3.7532068968333334
803,112,2.93923414135
803,113,2.2368112279999997
803,114,2.033450753727273
803,115,2.4701478799545455
803,116,1.841445133090909
803,117,1.10177273
803,118,0.572189227
803,119,0.99361883065
803,120,1.881884273904762
803,121,2.0635660272272727
803,122,1.3281956392727272
803,123,1.8637572766818182
803,124,4.524852227909091
803,125,3.758348353636364
803,126,1.7250941588500002
803,127,1.6365819975714286
803,128,1.015143514
803,129,0.7235311149545455
803,130,0.6654945835909091
803,131,1.3772982686363635
803,132,29.246745652818184
803,133,2.0367779744499996
803,134,1.4561681025238096
803,135,1.2058141090909091
803,136,0.9560319453636363
803,137,0.8894042127272727
803,138,0.49275143477272726
803,139,0.7624071377727273
803,140,1.2314450341499998
803,141,1.185648246
803,142,1.4916250907272728
803,143,2.5041365260454547
803,144,3.7179881279545457
803,145,2.655246758409091
803,146,2.6319178711999998
803,147,3.4392708837
803,148,1.678443860809524
803,149,1.9701987406818182
803,150,0.9652971662500001
803,151,1.5275062118636364
803,152,2.0747723379090908
803,153,1.657475566909091
803,154,1.42510950985
803,155,1.8770205476666664
803,156,1.7928398625454547
803,157,2.6196540290909094
803,158,2.1532220105454547
803,159,1.6288815945000001
803,160,1.7105693976818181
803,161,1.15369531275
803,162,1.0588613358571428
803,163,1.2106218600454546
803,164,0.660857945590909
803,165,10.734707086772728
803,166,4.674440179409091
803,167,2.6247792185454544
803,168,20.87983278505
803,169,1.8348601076190478
803,170,1.8180977267727272
803,171,1.6173167374090909
803,172,2.7939003165454546
803,173,2.9790207717272725
803,174,8.103015791636365
803,175,3.44831723885
803,176,1.3575329937619047
803,177,1.1879619473181817
803,178,1.5503057055454545
803,179,1.6175650762727272
803,180,2.4672180952272726
803,181,2.8780304464545456
803,182,2.6737927515999997
803,183,1.860513018047619
803,184,2.3502427159545456
803,185,2.335153149590909
803,186,2.010711126863636
803,187,1.9022251818181817
803,188,2.0744828319545454
803,189,2.38282178835
803,190,1.817672001714286
803,191,1.679064948090909
803,192,2.550821834318182
803,193,2.328891084272727
803,194,2.407377294909091
803,195,2.887061331090909
803,196,3.4737586933
803,198,2.313398566
803,199,1.2958088909545453
803,200,1.3229355698571428
803,201,2.787628517909091
803,202,2.8499327251904765
803,203,2.2122966125000003
803,204,2.156198995952381
803,205,2.4296181532272727
803,206,1.8798959236363635
803,207,2.210716005136364
803,208,2.0648961468636364
803,209,2.3847232257272726
803,210,2.7885771666499997
803,211,1.8502673854285714
803,212,1.212792980409091
803,213,1.2933237716818182
803,214,1.1879329175789473
803,215,1.5540643179090912
803,216,1.9909059399545455
803,217,3.3265991681000004
803,218,2.836557216142857
803,219,2.746902161681818
803,220,2.892916608090909
803,221,2.5757673463636364
803,222,2.0307843394
803,223,2.622439129090909
803,224,2.34859234235
803,225,2.554549748904762
803,226,2.733255832
803,227,2.8896215710454545
803,228,13.274066668545453
803,229,2.833080302
803,230,2.7036681441363637
803,231,3.15092755565
803,232,1.6525341901428572
803,233,8.345224263181818
803,234,2.4251204399545454
803,235,3.2362654412666667
803,242,2.677244376333333
803,243,3.658597231772727
803,244,
803,245,6.4420070963
803,246,5.257517197428571
803,247,1.7087560465454545
803,248,2.7276063673
803,249,1.7532785419090908
803,250,1.384423701409091
803,251,1.2975737562777778
803,252,0.9870080246
803,253,1.3592643304285714
803,254,1.8711086046818182
803,255,3.7684697642727274
803,256,2.3938171705454545
803,257,1.246675804
803,258,1.0628170706153846
803,259,1.4280290873
803,260,1.2752211240526317
803,261,3.6913971781666666
803,262,15.109418317136363
803,263,3.2422367684285716
803,264,1.46035333885
803,265,1.0965525448636364
803,266,1.7119545178500002
803,267,14.899522715047619
803,268,7.276744291045454
803,269,1.02326648865
803,270,1.694027097090909
803,271,2.2396618822727272
803,272,1.1247381618636363
803,273,1.32843179445
803,274,0.7930265106666667
803,275,1.0267146437727275
803,276,1.5955615729090908
803,277,0.9761245096363637
803,278,1.1173521821428571
803,279,1.6427407815000001
803,280,1.76114041315
803,281,1.7719349747
803,282,9.755403220227272
803,283,2.4890734224545454
803,284,1.6045746395454545
803,285,1.1620460328421054
803,286,1.2810563517777778
803,287,1.2034703634
803,288,1.9650383575714283
803,289,1.4708930067727273
803,290,1.3701620469090907
803,291,1.2663498811904763
803,292,1.6188077764090911
803,293,1.8189108471363638
803,294,0.9065885655500001
803,295,1.9363434579523808
803,296,2.270556509904762
803,297,2.892912681363636
803,298,3.6495797477272727
803,299,3.0813416084545455
803,300,2.584247308227273
803,301,2.2203536346
803,302,2.170195222428571
803,303,4.80775199509091
803,304,1.0409068025909092
803,305,2.660065118363636
803,306,9.650874055318182
803,307,10.50645864952381
803,308,4.4868190458
803,309,13.30333584209524
803,310,11.23495500531818
803,311,1.852221833318182
803,312,1.3974476809545455
803,313,1.5468703255454543
803,314,0.9089237320909092
803,315,0.6978604679
803,316,0.8187271438095238
803,317,1.025998470409091
803,318,0.9030134179545454
803,319,0.6840782666315789
803,320,0.9311358644545454
803,321,14.26016307909091
803,322,3.46516022915
803,323,1.2074196063809524
803,324,0.9720142046818182
803,325,1.6077296303181818
803,326,1.509710906090909
803,327,1.2879214855
803,328,1.1637121924090907
803,329,1.1247333405
803,331,1.3302538263333332
803,332,1.0184761972727274
803,333,1.9239602546363637
803,334,2.614981615090909
803,335,1.3675704638181818
803,336,1.230560874
803,337,1.0172312222857143
803,338,1.4444776776363637
803,339,2.0105583891363636
803,340,1.1353291107727272
803,341,1.066514842590909
803,342,1.835151203
803,343,6.08227113815
803,344,2.433991592714286
803,345,3.162834975727273
803,346,2.189592478909091
803,347,2.8627008239545457
803,348,2.5988959897727275
803,349,0.8608729875909091
803,350,0.78172307535
803,351,1.0476471098571427
803,356,2.9143459697500003
803,357,1.7542502714736843
803,358,1.3359960712999999
803,359,0.6625264102857142
803,360,0.9323048160476191
803,361,1.024322952904762
803,362,1.0437592656190477
803,363,0.6785378756190477
803,364,1.041890003263158
803,365,0.7826965481
1015,1,1.0451488756666667
1015,2,13.945829457
1015,3,0.9398428487272728
1015,4,0.8916974269090908
1015,5,0.736367673909091
1015,6,0.7242146594545454
1015,7,0.8067949478499999
1015,8,2.144088424190476
1015,9,1.1540433826666667
1015,11,2.05261317825
1015,12,1.5093883571666666
1015,13,1.982493394904762
1015,14,1.42574725085
1015,15,0.76296654525
1015,16,12.923830946333332
1015,17,1.1160643399999999
1015,18,10.203955495454545
1015,19,1.0266791988636363
1015,20,1.8805806675454546
1015,21,0.94259986195
1015,22,1.0291076898095237
1015,23,0.8566906437894737
1015,24,1.3059412609090908
1015,25,0.7383851913636363
1015,26,1.1026593439090908
1015,27,0.5167521903181819
1015,28,1.30012283315
1015,29,2.490478409666667
1015,30,1.3984191428636363
1015,31,1.1666237896666667
1015,32,1.3961129860909092
1015,33,6.760055702136364
1015,34,0.7475991879545454
1015,35,0.8488587627499999
1015,36,1.722159403904762
1015,37,35.27848901609091
1015,38,0.9596276597727272
1015,39,1.0713538786818182
1015,40,0.7093983067272727
1015,41,1.0643880172272728
1015,42,8.2881574319
1015,43,0.47406316345454547
1015,44,1.113708369
1015,45,8.640566186545454
1015,46,0.7774577986363636
1015,47,1.1976424542727273
1015,48,1.4624028779999998
1015,49,1.6989169724499997
1015,50,35.70256289609524
1015,51,22.603060916045454
1015,52,1.0730909713157895
1015,53,2.2590880707222225
1015,54,1.5612194224545455
1015,55,1.1600525238181818
1015,56,0.9491891670499999
1015,57,0.903090465952381
1015,58,29.720735865727274
1015,59,25.803045415727272
1015,60,15.548877303181818
1015,61,0.41305327627272725
1015,62,0.840088651090909
1015,63,0.9380448909
1015,64,3.9976398008571428
1015,65,2.4895626285
1015,66,15.39685826247619
1015,67,0.9516196373181818
1015,68,8.375576004454546
1015,69,1.49597615425
1015,70,4.5251441239500005
1015,71,0.7349871845238095
1015,72,0.7352256366363636
1015,73,0.6982512612272728
1015,324,1.104138442142857
1015,325,1.0878203807647058
1015,326,1.0309530183636364
1015,327,1.0236319996818182
1015,328,1.1868894638636365
1015,329,1.11643388465
1015,330,0.8741078966666667
1015,331,0.8811074802000001
1015,335,1.4055342302307692
1015,336,0.9629044732
1015,337,0.9235582588095238
1015,338,30.911451448375004
1015,339,20.051102492772728
1015,340,0.897315785
1015,341,0.9372597576
1015,342,0.9353881056363637
1015,343,0.9003220106500001
1015,344,1.1039032292380953
1015,345,1.7279894151363635
1015,346,1.1722221743181818
1015,347,1.09938523575
1015,348,1.3141338188636364
1015,349,1.207330093818182
1015,350,1.42645469365
1015,351,0.8806511574285714
1015,352,1.0135542001578948
1015,353,30.0843906685
1015,354,1.1225058011818183
1015,355,20.64154648727273
1015,356,68.10967325113637
1015,357,0.8162073585
1015,358,1.0910710505714285
1015,361,0.6644714688181819
1015,362,0.8272583264545456
1015,363,1.210865552090909
1015,364,0.7695858122
1015,365,0.6991675366190476
1035,1,1.2974725338095237
1035,2,2.942454849272727
1035,3,2.4255455854545453
1035,4,1.4280162561666667
1035,5,1.5889342952727274
1035,6,1.0611839091363637
1035,7,1.04806005375
1035,8,1.1271351567619048
1035,9,1.1760141456363635
1035,10,1.9479774422272726
1035,11,1.7713497747272726
1035,12,1.8296482301818182
1035,13,1.3695100428636364
1035,14,1.2565171301
1035,15,1.1385453782857144
1035,16,1.848350395318182
1035,17,1.7269733441818182
1035,18,2.5353908575454547
1035,19,2.0432031845
1035,20,2.537690122666667
1035,24,2.18902410545
1035,25,2.1012270983636365
1035,26,2.2929137642272726
1035,27,1.7928887942272729
1035,28,1.8818481206000002
1035,29,1.8108564790952382
1035,30,3.2154277301363634
1035,31,3.0671357555909093
1035,32,2.0027303215
1035,33,2.090672138818182
1035,34,1.132529442
1035,35,1.2257694319
1035,36,1.719525724
1035,37,1.9304200456363636
1035,38,4.095284306954546
1035,39,6.165472567045454
1035,40,1.1153956167272727
1035,41,1.5753117074545455
1035,42,3.14334453815
1035,43,2.1734065044
1035,44,1.8172422224545455
1035,45,1.5811110471904761
1035,46,2.0944899411363633
1035,47,1.8206622880454546
1035,48,1.5573008147272729
1035,49,1.9223023763499998
1035,50,1.3921283949047618
1035,51,2.7502424992727272
1035,52,2.5053068145
1035,53,2.9581750413636367
1035,54,2.567659743409091
1035,55,2.1775628821363635
1035,56,1.40569935865
1035,57,1.3089627437142857
1035,58,2.6818941814545454
1035,59,2.5144842347142857
1035,61,2.229626036
1035,62,1.3600138145454546
1035,63,1.12485628525
1035,64,1.4569822624761903
1035,65,2.7354270597727273
1035,66,2.0803662490000003
1035,67,1.258943278047619
1035,68,1.5423050547272725
1035,69,1.7877602998636364
1035,70,1.8008913066
1035,71,1.3259811436842106
1035,72,1.671498756
1035,74,1.1374903777333332
1035,75,1.9339451292272727
1035,76,2.7094181180454546
1035,77,1.90793189065
1035,78,3.215829904333334
1035,79,1.716996834909091
1035,80,2.4465936715454544
1035,81,3.583021950772727
1035,82,2.3452915815909092
1035,83,2.806303354769231
1035,87,1.6533786170454545
1035,88,2.2998054017272724
1035,89,2.9869062842272727
1035,90,1.755338042409091
1035,91,1.3422051983999999
1035,92,1.8914798241904762
1035,93,2.529980836681818
1035,94,2.0728199116363637
1035,95,2.7016336225
1035,96,2.779845989090909
1035,97,2.1296234067142854
1035,98,1.9963838246
1035,99,2.259307192190476
1035,100,2.0591110848636363
1035,101,1.9076615750454544
1035,102,1.9066595101363637
1035,103,1.9444687855
1035,104,1.9546289691363634
1035,105,2.38630020005
1035,106,2.2375926951904765
1035,107,2.7145208185454544
1035,108,1.8923916550454545
1035,109,2.155819338842105
1035,110,3.0756835342380953
1035,111,2.8795624481363635
1035,112,2.7890699539
1035,113,2.1025482874285712
1035,114,3.084705461409091
1035,115,2.7036671748636363
1035,116,2.4860574772727273
1035,117,1.9785254166363637
1035,118,1.7851995592272727
1035,119,2.00441177955
1035,120,2.815006605761905
1035,121,3.06592993
1035,122,2.253222003
1035,123,2.5664275996363632
1035,124,2.765666144818182
1035,125,2.8617533005909093
1035,126,2.69629369395
1035,127,2.6083920219500003
1035,128,2.256100335318182
1035,129,1.9395596258636365
1035,130,2.560276689
1035,131,2.5179334726363636
1035,132,2.988934947952381
1035,133,2.25056113565
1035,134,2.2384537574761905
1035,135,2.8324183073636364
1035,136,2.8240633428636364
1035,137,3.2491303016363635
1035,138,3.3629383513636366
1035,139,2.8971389955909093
1035,140,3.0366307731999997
1035,141,1.7526789413333335
1035,142,2.9267500336363637
1035,143,2.476489254181818
1035,144,3.6077468776363633
1035,145,2.8542248049545456
1035,146,2.57076762
1035,147,2.4683285769000003
1035,148,2.440398268142857
1035,149,2.0511228570454545
1035,150,1.567177411
1035,151,2.333699603
1035,152,1.9839488443181816
1035,153,1.8828435603181817
1035,154,2.0389272919500003
1035,155,1.918769699142857
1035,156,2.648679615772727
1035,157,2.6393745663333332
1035,158,2.7925220460454545
1035,159,2.310851060090909
1035,160,2.627716440590909
1035,161,2.37639687665
1035,162,2.4344558006666666
1035,163,2.4982688138181817
1035,164,3.593924405545455
1035,165,3.4910347278636364
1035,166,15.9847680695
1035,167,4.256951499727273
1035,168,3.5593961221500003
1035,169,2.9986355852857143
1035,170,3.0645428225
1035,171,2.958011069318182
1035,172,4.130331332227272
1035,173,3.309897072318182
1035,174,3.205312256272727
1035,175,3.49190466935
1035,176,1.9419797321428571
1035,177,1.4689153520909093
1035,178,1.7801100922727273
1035,179,1.3214788626363636
1035,181,2.5887166285454546
1035,182,2.8391926806
1035,183,3.2875947525238094
1035,184,3.0468096816818178
1035,185,3.2194125290909095
1035,186,3.104543057454545
1035,187,3.799491278090909
1035,188,4.829494781136364
1035,189,5.58954253875
1035,190,3.6859928856190476
1035,191,2.005966451909091
1035,192,3.7787856280909087
1035,193,3.3682261821818185
1035,194,3.0522072241363634
1035,195,3.406934353272727
1035,196,3.6301802598500004
1035,197,2.2353673865238095
1035,198,2.611500373
1035,199,3.0370523314090914
1035,200,2.9320368117727273
1035,201,4.768958088227273
1035,202,4.508021861
1035,203,3.8323525359
1035,204,11.358578489333334
1035,205,3.4143137959545453
1035,206,3.262253628045454
1035,207,3.1982176548181815
1035,208,4.189246649590909
1035,209,5.285702114136364
1035,210,4.182422810349999
1035,211,2.6906182630952378
1035,212,2.0268216481818184
1035,213,1.8354922547272727
1035,214,1.8627135203181817
1035,215,3.6217168133636366
1035,216,2.4415077162857144
1035,217,3.2351144513500003
1035,218,3.0574898083333335
1035,219,3.4459354147727272
1035,220,3.616320865590909
1035,221,2.8331125185
1035,222,3.0630964453809524
1035,223,4.6911085453181816
1035,224,4.56841688955
1035,225,12.62740079595238
1035,226,3.910888421318182
1035,227,3.3765510890526316
1035,228,3.5128617156363635
1035,229,17.0114138935
1035,230,3.697283997818182
1035,231,4.062990031
1035,232,3.584684577095238
1035,233,2.391962999181818
1035,234,3.2198633562272723
1035,235,3.58307563
1035,244,7.219166897769231
1035,245,4.7870753746
1035,246,5.197569013692307
1035,247,1.6229292577142858
1035,248,2.9879352780909088
1035,249,2.807424062388889
1035,250,1.762146888
1035,251,1.840661185090909
1035,252,1.875952254
1035,253,2.054839206142857
1035,254,2.565082034954546
1035,255,2.9964695376818185
1035,256,2.914668271590909
1035,257,2.204703556
1035,258,2.105763272772727
1035,259,2.5298904966999998
1035,260,2.0515311383333334
1035,261,3.036542545857143
1035,262,3.457074396909091
1035,263,3.5220960975454547
1035,264,2.587142142272727
1035,265,2.483007962409091
1035,266,2.33992677515
1035,267,2.039370742095238
1035,268,1.938299335904762
1035,269,2.6586099764545454
1035,270,2.2150823240000004
1035,271,2.9161916293636363
1035,272,2.2967516550454543
1035,273,2.4797099735500003
1035,274,2.078565643190476
1035,275,1.4771638343636366
1035,276,6.2552219513636365
1035,277,4.057847781363637
1035,278,2.0226177005454544
1035,279,2.4250398695
1035,280,2.58400260355
1035,281,2.3083246243809525
1035,282,3.202982195136364
1035,283,2.687466148863636
1035,284,2.7669617738181818
1035,285,1.8884121397727271
1035,286,2.2554399633636364
1035,287,1.7289611134
1035,288,2.4879033936190473
1035,289,2.0664563677272727
1035,290,2.1740299555
1035,291,1.8697365575454545
1035,292,1.6702877844090909
1035,293,1.4342399169545454
1035,294,2.8873743819
1035,295,2.086317372
1035,296,3.4798209899545456
1035,297,2.6489815592727273
1035,298,3.065888620181818
1035,299,4.214369050318182
1035,300,2.4259747657272723
1035,301,1.9535490850500001
1035,302,2.0014522822857144
1035,303,2.2519611188636364
1035,304,1.5853003308636362
1035,305,2.9832855895454546
1035,306,2.439969147409091
1035,307,2.408303040454545
1035,308,2.3959895839
1035,309,2.6352489582380954
1035,310,2.324694801909091
1035,311,2.915751728409091
1035,312,1.7094169475
1035,313,1.8529588329999997
1035,314,1.223960715095238
1035,315,1.3092323705
1035,319,1.9765269876818181
1035,320,1.5781709486363638
1035,321,2.342021312
1035,322,2.6538955492
1035,323,1.5054816627142857
1035,324,1.6927517243333334
1035,325,1.4910376860909091
1035,326,1.3791052375454547
1035,327,1.490327313590909
1035,328,1.6398066819090908
1035,329,1.6512975327
1035,330,1.7698868776666667
1035,331,1.883210189681818
1035,332,1.979346101090909
1035,333,2.0763097774545454
1035,334,2.6007967100454548
1035,335,2.2188556517142857
1035,336,1.7048775917
1035,337,1.2469283679523808
1035,338,1.6332181136
1035,341,1.2043427391428572
1035,342,1.7694347031904762
1035,343,2.59752416485
1035,344,2.675882671761905
1035,345,4.429765563272728
1035,346,2.7966797351363635
1035,347,4.4451334908
1035,348,2.75346152585
1035,349,1.5990136883636366
1035,350,1.6856325068
1035,351,1.4157640394761903
1035,352,1.749132264
1035,353,17.185401807636364
1035,354,2.916913863090909
1035,355,2.4919278111363634
1035,356,2.02902476405
1035,357,1.6198240781500002
1035,358,1.4712432048571429
1035,359,0.9662975794545455
1035,360,1.012172221090909
1035,361,1.2230855009545456
1035,362,1.2457333055
1035,363,1.104320715590909
1035,364,1.2149481079
1035,365,0.9817782178
1039,1,1.5717180553333332
1039,2,11.74667193618182
1039,3,2.213215098409091
1039,4,0.9076482693636364
1039,5,1.077350555818182
1039,6,0.6606659557727272
1039,7,0.42072133575
1039,8,0.95507982555
1039,9,1.1713952135454546
1039,10,22.08765855114286
1039,11,26.663404389227274
1039,12,67.97031414872727
1039,13,3.7156378307727276
1039,14,41.2739181227
1039,15,7.361719479285715
1039,16,2.933728642666667
1039,19,1.3511579410666668
1039,20,1.633903905095238
1039,21,1.41728834995
1039,22,7.622094181571429
1039,23,1.9567481353636362
1039,24,0.984665222909091
1039,25,1.0349816168181818
1039,26,0.7560094245454546
1039,27,0.6627636545454545
1039,28,1.26021132755
1039,29,1.6637411593333333
1039,30,1.508489069590909
1039,31,1.1395262785454545
1039,32,1.130601711
1039,35,1.10821821275
1039,36,8.135262504857142
1039,37,28.78849641595238
1039,38,16.493352056285715
1039,39,4.507962588909091
1039,40,0.9091704327727274
1039,41,1.3800005028181819
1039,42,61.6400334995
1039,43,58.39360515409523
1039,44,6.601873049
1039,45,1.421294225125
1039,46,1.8372844725
1039,47,1.5082402369545456
1039,48,3.5902416170454545
1039,49,1.5338183342499998
1039,50,66.39487246919047
1039,51,15.571318541272728
1039,52,1.661489537090909
1039,53,2.2208822167727273
1039,54,2.1836436097272727
1039,55,12.147677581818181
1039,56,1.2454978649
1039,57,1.3531592977142857
1039,58,19.171086041454547
1039,59,60.26587834654545
1039,60,4.181328926727273
1039,61,1.1602878701363635
1039,62,1.9203612427272725
1039,63,1.64498225215
1039,64,3.8155236575238094
1039,65,16.743328686454547
1039,66,27.554328029909094
1039,67,1.1367530628181817
1039,68,1.4044766997727274
1039,69,1.613396454
1039,70,7.993827286099998
1039,71,0.8506792368571429
1039,72,0.9366026610454546
1039,73,1.0113802969545456
1039,74,2.662497136681818
1039,75,13.256662152409092
1039,76,88.5474231429091
1039,77,1.7655117336500001
1039,78,32.63653731819048
1039,79,30.783434124181817
1039,80,41.69255663863636
1039,81,20.915978098409088
1039,82,26.677112291272728
1039,83,49.005372748545454
1039,84,1.39929104795
1039,85,13.451454443238095
1039,86,7.575117288227273
1039,87,1.5145815375909093
1039,88,7.514619755499999
1039,89,2.0682524725909093
1039,90,4.353001164363636
1039,91,46.6148198662
1039,92,33.48487379104762
1039,93,7.044950698318183
1039,94,28.787741513045454
1039,95,7.345978766545454
1039,96,1.2637486170909091
1039,97,1.7970680257727274
1039,98,34.06236200635
1039,99,23.239263106857145
1039,100,30.10410698786364
1039,101,6.6362333815
1039,102,31.412663456000004
1039,103,8.584539457
1039,104,26.586911260954547
1039,105,40.0914288718
1039,106,36.35953450780952
1039,107,11.250614875454545
1039,108,34.162905036809526
1039,109,31.041034738863633
1039,110,41.036180665136364
1039,111,80.13722391763636
1039,112,28.64130506295
1039,113,5.821356354190477
1039,114,24.050363145227276
1039,115,62.14219841263636
1039,116,16.831717762954547
1039,117,13.147906558
1039,123,1.47716495075
1039,124,50.33845047452381
1039,125,48.77344409968182
1039,126,1.5277722009999999
1039,127,45.7892193482381
1039,128,42.27079022736364
1039,129,55.575622210999995
1039,130,37.05663413295454
1039,131,89.19345589136364
1039,132,46.7263767020909
1039,133,1.10273909945
1039,134,7.184356057142857
1039,135,18.826740841590908
1039,136,71.97435644145455
1039,137,92.728704365
1039,138,93.55817512140908
1039,139,116.40494340645455
1039,140,109.81849843375001
1039,141,67.75628560761905
1039,142,76.87292290390909
1039,143,0.8160343070909092
1039,144,33.06334229090909
1039,145,67.19318502909091
1039,146,91.448983777
1039,147,94.3375540454
1039,148,123.15277858014286
1039,149,37.40234975045455
1039,150,53.328648683272725
1039,151,65.85969764245455
1039,152,110.31536822640909
1039,153,199.33322995095452
1039,154,381.91294595224997
1039,155,108.99832018180953
1039,156,74.64868667863637
1039,157,1.833241845181818
1039,158,19.4809831309
1039,159,30.193020189409086
1039,160,52.87904534252382
1039,161,64.66185518435
1039,162,63.24746294009523
1039,163,176.9143476185909
1039,164,120.5766828754762
1039,165,114.56822288552381
1039,166,110.38525778636364
1039,167,89.4612194935
1039,168,98.1023622065
1039,169,85.83802024809523
1039,170,79.4468310835
1039,171,41.47561701940909
1039,172,1.0895544716818182
1039,173,45.477037376090905
1039,174,112.29563349363637
1039,175,49.01599385185
1039,176,0.8315430752222223
1039,177,51.0356744878
1039,178,102.69670341442105
1039,179,105.01249394577272
1039,180,107.35841213672728
1039,181,101.42018610954545
1039,182,86.81470105765
1039,183,112.89763779904763
1039,184,89.07475433254545
1039,185,87.28479999686364
1039,186,93.88387358886362
1039,187,104.47622624080952
1039,188,124.08307751627272
1039,189,108.2472725801
1039,190,47.4699249761
1039,191,2.181428165583333
1039,192,101.3701668126842
1039,193,157.8963502949
1039,194,63.06598587627273
1039,195,2.4041560375789475
1039,196,3.9707378515
1039,198,2.0657716646363635
1039,199,2.575474589428571
1039,200,89.87224391954545
1039,201,34.871960787
1039,202,58.50645890368182
1039,203,91.5071367585
1039,204,119.38674968433335
1039,205,73.09414834568182
1039,206,46.297849650772726
1039,207,73.48384242621053
1039,208,89.35726488489999
1039,209,116.57647899109092
1039,210,83.16732186115
1039,211,42.354734737571434
1039,212,7.65925714109091
1039,213,78.16187300281818
1039,214,47.072098355
1039,215,1.8994320900454547
1039,216,2.4242674863636364
1039,219,52.690731116375
1039,220,2.163826094909091
1039,221,33.3776728867619
1039,222,25.3198342268125
1039,223,42.533475394
1039,224,139.60895463705
1039,225,86.49482631923809
1039,226,107.722685048
1039,227,95.0748659404091
1039,228,119.0727936166818
1039,229,78.81094750472727
1039,230,93.50701513004546
1039,231,74.83118629585
1039,232,38.842917232666665
1039,233,55.50032281336364
1039,234,66.21364902145454
1039,235,2.639112070909091
1039,243,2.0902722122222226
1039,244,2.3297309043636365
1039,245,2.92679576985
1039,246,16.366803413238095
1039,247,4.191930526
1039,248,13.940677553777778
1039,249,1.4861838191363637
1039,250,19.592327574590907
1039,251,2.3179762393636363
1039,252,2.58612776975
1039,253,0.6873260908571429
1039,254,0.6844143498181818
1039,255,1.7836788658636364
1039,256,2.2752241948636365
1039,257,25.97098984918182
1039,258,28.105223657363638
1039,259,52.644826250799994
1039,260,62.19965160128571
1039,261,107.83341936504547
1039,262,74.7770947729091
1039,263,102.75672591813637
1039,264,60.19634930111111
1039,265,23.895847058545453
1039,266,33.53722788035
1039,267,157.65812460214286
1039,268,56.22256290663636
1039,269,43.08674060936364
1039,270,40.62147529259091
1039,271,13.587075144863638
1039,272,2.083318587409091
1039,273,1.05517788465
1039,274,6.466898772619047
1039,275,51.20918252218182
1039,276,246.71009080354546
1039,277,138.23462720495456
1039,278,29.765644294318182
1039,279,21.49362291309091
1039,280,0.8882772598500001
1039,281,19.608703666047617
1039,282,46.758515194727266
1039,283,1.5848337346363637
1039,284,1.0683609203636364
1039,285,1.8423753906818183
1039,286,1.9925125058636362
1039,287,57.959460764300005
1039,288,1.6635566996190474
1039,289,1.5975353478181817
1039,290,2.1570368544545455
1039,291,2.509028224863636
1039,292,17.77067020090909
1039,293,50.88668179509091
1039,294,25.75121391215
1039,295,18.06402262157143
1039,296,1.1426132277272727
1039,297,1.6234498687272727
1039,298,16.08200663909091
1039,299,13.485616541772727
1039,300,1.9435393716818181
1039,301,8.011414525700001
1039,302,20.11920239495238
1039,303,31.736433682454546
1039,304,29.02072927168182
1039,305,12.618943689363636
1039,306,60.959106160272725
1039,307,118.687626744
1039,308,107.96579596295001
1039,309,72.23942636414286
1039,310,75.98087795618181
1039,311,104.1897347915
1039,312,0.7723017613636363
1039,313,0.7477168810454546
1039,314,18.09290527459091
1039,315,1.2332554872000001
1039,316,1.3245898055714285
1039,317,1.4781878070454546
1039,318,1.7103267347727273
1039,319,1.8999925987272726
1039,320,2.110610228636364
1039,321,45.27012193981818
1039,322,77.0625443015
1039,323,0.8268843744285715
1039,324,1.3190375404545454
1039,325,1.5455936155454546
1039,326,0.7823161050909092
1039,327,1.0703945947727271
1039,328,1.4479056870454545
1039,329,18.8913427857
1039,330,1.0058912653333334
1039,331,1.7486746965
1039,332,1.8351323467727274
1039,333,2.460511474181818
1039,334,1.0253062035238094
1039,335,1.0312311729545454
1039,336,1.7118317746999998
1039,337,1.0880394964761906
1039,338,47.93042704618181
1039,339,10.066419439272728
1039,340,17.023693332818183
1039,341,0.6720386982727272
1039,342,1.7803961842272726
1039,343,1.8865768535499998
1039,344,1.4999566135714286
1039,345,2.0059459595
1039,346,1.4041637566818181
1039,347,2.113536786136364
1039,348,1.9996141238636362
1039,349,1.3560847020000002
1039,350,1.2921853431
1039,351,1.6956884856190475
1039,352,1.4723422833636364
1039,353,25.97932966704762
1039,354,2.0036776294545455
1039,355,9.833392552818182
1039,356,47.11460020904545
1039,357,1.2006900413000001
1039,358,1.0194132907142857
1039,359,0.8659246247727274
1039,360,0.9125528740454545
1039,361,0.55775714
1039,362,0.7666182199545454
1039,363,1.1343327399545453
1039,364,0.9202680163
1039,365,0.7950047287142856
1607,1,12.43235090842857
1607,2,25.21711721604545
1607,3,1.5901240728636366
1607,4,0.9950059824
1607,5,1.1431884905
1607,6,0.850433326
1607,7,0.73141692
1607,8,0.6891917764761905
1607,9,5.99944227
1607,10,3.8701918015000003
1607,11,3.9936530544999997
1607,12,19.077368013136365
1607,13,0.2949565346
1607,14,0.4118799563809524
1607,15,26.829441253052632
1607,16,45.34327458986364
1607,17,34.14491059940909
1607,18,63.15614261831818
1607,19,8.22428451405263
1607,20,4.044594927954545
1607,21,4.5589532096
1607,22,21.265395555666665
1607,23,6.476629694454545
1607,24,17.499173823272727
1607,25,1.1893817447272728
1607,26,0.9757186134545454
1607,27,0.7200987298636363
1607,28,1.14588898385
1607,29,5.791476546095238
1607,30,1.0886106463636365
1607,31,8.836437905772728
1607,32,19.208950827227273
1607,33,10.172826134714285
1607,34,0.795666888
1607,35,0.593400489
1607,36,67.7740288777619
1607,37,61.75792996747368
1607,38,58.496650874136364
1607,39,15.66895412859091
1607,40,0.5614740175909091
1607,41,0.6226865089545455
1607,42,63.1595155495
1607,43,47.070498859333334
1607,44,28.194457834636363
1607,45,10.510335983727272
1607,46,10.599329858045454
1607,47,0.9425669571363637
1607,48,0.6381560086363636
1607,49,0.6551384387894736
1607,50,26.25756897352381
1607,51,28.97813701709091
1607,52,10.525730239818182
1607,53,3.490315448272727
1607,54,26.401225034454544
1607,55,18.384276581136366
1607,56,0.71513051025
1607,57,8.376793566809525
1607,58,44.67804087272727
1607,59,37.61177914240909
1607,60,9.978516022590908
1607,61,0.6354547002272727
1607,62,1.0084504411818183
1607,63,0.6460714818000001
1607,64,10.51936189152381
1607,65,29.02803758922727
1607,66,21.120719502772726
1607,67,0.9278011688181818
1607,68,20.177168089545454
1607,69,30.54013411922727
1607,70,47.40279577028572
1607,71,0.7910578972
1607,72,1.2668050651818181
1607,73,0.8631261502941177
1607,74,0.704207958
1607,75,5.772072123863636
1607,76,21.762009163363636
1607,77,21.8326919056
1607,78,20.83314090914286
1607,79,24.372324990454548
1607,80,17.565817210772728
1607,81,29.538266033545458
1607,82,35.15748895354545
1607,83,30.104515622500003
1607,84,0.99336211205
1607,85,17.980334938809523
1607,86,22.257176486136363
1607,87,19.04762095977273
1607,88,21.90395078018182
1607,89,8.378889563227274
1607,90,6.50248853240909
1607,91,12.6409440272
1607,92,12.131973161285714
1607,93,1.223254463909091
1607,94,41.332706412045454
1607,95,11.43075061159091
1607,96,8.845595600727272
1607,97,1.4379860254999999
1607,98,40.49177542805
1607,100,36.526748247
1607,101,29.292961858863638
1607,102,14.702340095318181
1607,103,31.80299831718182
1607,104,53.78839754340909
1607,105,54.500343506750006
1607,106,23.542549922333333
1607,107,53.07836596709091
1607,108,45.04120735000001
1607,109,54.19797084019999
1607,110,64.98151542645455
1607,111,70.12373453428572
1607,114,1.002665245
1607,115,19.4302549205
1607,116,1.2490556443999998
1607,117,15.182573403909089
1607,118,5.681662968045455
1607,119,67.581400883
1607,120,52.51025471180952
1607,121,27.15749473386364
1607,122,54.95101527742105
1607,123,31.604782342500002
1607,124,31.05579678840909
1607,125,27.820985570681817
1607,126,7.8017741223
1607,127,35.963285711
1607,128,46.83803583804545
1607,129,62.3825721077
1607,130,55.995705083136365
1607,131,49.075754956
1607,132,35.79844203095455
1607,133,1.3935492739500002
1607,134,29.457926269190477
1607,135,50.71555592109091
1607,136,51.79098067268182
1607,137,62.781675015
1607,138,54.50608446727272
1607,139,53.10015399281818
1607,140,55.4421344952
1607,141,52.403118127619045
1607,142,36.1889774455
1607,143,22.55846570559091
1607,144,65.58728220895455
1607,145,53.196054746318175
1607,146,63.078636291227276
1607,147,58.286614173
1607,148,40.16293610590476
1607,149,48.99635659845455
1607,150,39.36229675113636
1607,151,52.845934528
1607,152,52.02219040813636
1607,153,39.07798595922728
1607,154,61.57716535550001
1607,155,75.96775402904761
1607,156,56.27765949972727
1607,157,13.706848696227274
1607,158,1.9856025586000001
1607,159,1.6293574125
1607,160,1.8016716216000002
1607,161,62.4550017862
1607,162,66.85321880185714
1607,163,57.520032563437496
1607,164,63.79455977045455
1607,165,57.579098066318174
1607,166,54.82511670236364
1607,167,33.25785340342857
1607,168,33.52425307115
1607,169,36.77367540309524
1607,170,64.91563554985714
1607,171,1.7683651833333334
1607,172,1.2793005420952381
1607,173,14.566371719095239
1607,174,40.69056269504762
1607,175,57.95137117415
1607,176,34.77417832790476
1607,177,38.04565134665
1607,178,48.250945762142855
1607,179,44.71991001157143
1607,180,29.375297818681815
1607,181,56.746599856272724
1607,182,55.83228346495
1607,183,31.856775266142854
1607,184,42.311571731181814
1607,185,37.785879978772726
1607,186,38.06871868295455
1607,187,36.74915635671429
1607,188,55.88367780757143
1607,189,61.37361578925
1607,190,23.8368511913
1607,191,56.51655699442857
1607,192,44.35090902661905
1607,193,26.670755561625
1607,195,104.921259855
1607,196,28.06728217646154
1607,199,2.360266749
1607,200,85.18383316104546
1607,201,37.0020892281579
1607,202,87.17651043045001
1607,203,51.03923449468421
1607,204,40.750455209476186
1607,205,40.25424510063636
1607,206,49.614602468818184
1607,207,17.770685386
1607,208,21.982430836227273
1607,209,46.95050517254545
1607,210,52.80996438339999
1607,211,21.489807866333337
1607,212,7.792795374863636
1607,213,14.212270794238096
1607,214,16.629504760894736
1607,215,0.9785461469473684
1607,216,5.154631120571429
1607,217,30.588421901142855
1607,220,26.91637255763636
1607,221,12.159193454136362
1607,222,47.699013042590906
1607,223,30.992371680285714
1607,224,25.406354708421052
1607,225,34.93483225365
1607,226,30.70171373261111
1607,227,81.72458889255556
1607,228,77.66882687704546
1607,229,67.97779923249999
1607,230,46.7123901475909
1607,231,98.7506195909
1607,232,56.36022414309524
1607,233,46.85755189854546
1607,234,46.997673885785716
1607,236,9.892239407571429
1607,259,67.22834645555555
1607,260,71.43637801933333
1607,261,70.59892940258823
1607,262,61.08539805222727
1607,263,58.85683607863636
1607,264,41.52937153790909
1607,265,67.48246242086363
1607,266,65.436220469
1607,267,45.48732981166667
1607,268,43.32535660831818
1607,269,48.41276255831818
1607,270,45.57921459304546
1607,271,21.457083385545456
1607,272,0.9272573133636364
1607,273,0.80761202215
1607,274,14.122297526714284
1607,275,26.33228221772727
1607,276,44.11305749513636
1607,277,36.90283121118182
1607,278,35.908246434999995
1607,279,26.786757309400002
1607,280,20.779778297
1607,281,1.1646175049047618
1607,282,32.624200602954545
1607,283,26.1611012875625
1607,284,0.7609114513636364
1607,285,0.5812446535
1607,286,1.2014667291818182
1607,287,33.213406772400006
1607,288,22.169959377285714
1607,289,1.0218150791363636
1607,290,0.9522877244090909
1607,291,7.668844549
1607,292,22.336334074136364
1607,293,44.07034201404545
1607,294,36.1131613692
1607,295,34.10678425
1607,296,1.3031974490454545
1607,297,18.012929807318184
1607,298,10.12581013231818
1607,299,10.695420526454546
1607,300,3.4170400167142856
1607,301,5.8651584478
1607,302,5.44400812247619
1607,303,33.17380306772727
1607,304,32.89918406618182
1607,305,23.113728443636365
1607,306,48.78192162222728
1607,307,72.75228195118183
1607,308,63.9190360371
1607,309,38.02247175147619
1607,310,45.095795756363636
1607,311,35.08881272518182
1607,312,1.3076267229090908
1607,313,1.0410246907272727
1607,314,5.794568337409091
1607,315,23.3028877691
1607,316,6.2305262376999995
1607,317,5.665195848750001
1607,318,2.543483550863636
1607,319,14.856378948000001
1607,320,19.156906781500002
1607,321,31.678137640954546
1607,322,32.43788062616667
1607,324,0.6339373537777777
1607,325,12.774062662
1607,326,0.9463153579090909
1607,327,1.1921591955909092
1607,328,1.0871519186363636
1607,329,17.5220917393
1607,330,4.392106074333333
1607,331,17.91381506190909
1607,332,19.523190477941178
1607,333,1.3995642673000002
1607,334,1.8152098602272728
1607,335,0.7618320627272727
1607,336,1.1921176623
1607,337,17.43872692538095
1607,338,36.99414186381818
1607,339,19.395626386136364
1607,340,0.8686473068636363
1607,341,0.7175479838636364
1607,342,1.1599257005
1607,343,1.4127969605500001
1607,344,1.079132940047619
1607,345,3.2270049952727273
1607,346,1.405062256
1607,347,1.2393217679333333
1607,349,0.8638433395714286
1607,350,0.766747466
1607,351,0.8903035578571429
1607,352,0.6431132802272728
1607,353,40.280526787545455
1607,354,8.19953030059091
1607,355,23.978935485454546
1607,356,15.992893178681818
1607,357,1.0630382624999999
1607,358,1.1224766016190475
1607,359,0.6964520699090909
1607,360,0.6722269574090909
1607,361,0.8491590787727272
1607,362,0.8509961945
1607,363,0.6906647691818182
1607,364,1.04685393055
1607,365,0.7579914877
6000,1,1.565491783809524
6000,2,2.394908936181818
6000,3,2.1889572573636364
6000,4,1.559695544318182
6000,5,1.5002457728181817
6000,6,1.2436372300454546
6000,7,1.2676239652999999
6000,10,1.68357534825
6000,11,1.9938760318181818
6000,12,5.5502455364
6000,13,2.491537341222222
6000,14,2.198567067
6000,15,1.5065296561904762
6000,16,6.125553611
6000,17,1.6032178700909092
6000,18,2.1899128293181818
6000,19,1.8494315038181817
6000,20,3.1018730844999998
6000,21,1.90189196695
6000,22,1.699794007809524
6000,23,2.3359268540454545
6000,24,2.6265848736818183
6000,25,2.471530122909091
6000,26,2.014268666090909
6000,27,1.6433287916363637
6000,28,1.88810014225
6000,29,1.865752551
6000,30,1.6313445776363635
6000,31,2.281362878772727
6000,32,2.834255771857143
6000,33,2.0945259680454544
6000,34,1.3302891628636364
6000,35,1.2480878988000002
6000,36,1.9226498598095236
6000,45,1.4597016951818182
6000,46,1.754232002375
6000,47,1.7887050559545452
6000,48,2.189461969047619
6000,49,1.94151134385
6000,50,1.7921367300952382
6000,51,2.4891631294285714
6000,52,2.350947378809524
6000,53,2.849102578
6000,54,2.0912643871363636
6000,55,2.1966966494090907
6000,56,1.42287868815
6000,57,1.3758734927142857
6000,58,2.5994444311363636
6000,59,4.502612430318182
6000,60,2.0482010667272728
6000,61,1.1484551577272728
6000,62,1.2012540060909092
6000,63,1.2870803804
6000,64,1.2292795326190475
6000,65,2.282344721363636
6000,66,2.347875655238095
6000,67,1.2454246066190475
6000,68,2.1912739366363634
6000,69,2.0797622762272727
6000,70,2.3228643173999997
6000,71,1.1059478818571429
6000,72,2.0281077234545455
6000,73,1.9809319618499999
6000,74,1.5262562800454547
6000,75,1.8868536644545453
6000,76,3.9010712044999996
6000,77,4.78466667155
6000,78,2.2068870413809525
6000,79,2.4063242709545456
6000,80,10.396892179681819
6000,81,2.3800023286818184
6000,82,3.450250339409091
6000,83,2.913778078909091
6000,84,2.1447963899499998
6000,85,1.500507028190476
6000,86,2.8330255433636364
6000,87,2.3959551274545454
6000,88,2.4863227400454546
6000,89,2.8384877457272726
6000,90,2.6347193287272725
6000,91,2.111092426
6000,92,1.7789312451428572
6000,93,2.069362205909091
6000,94,2.177623733818182
6000,95,3.7583104993181817
6000,96,2.6349305310909092
6000,97,1.9243315499545455
6000,98,1.5193803658
6000,99,1.614034517142857
6000,100,2.452599363045455
6000,101,2.8882779685909092
6000,102,2.244337035409091
6000,103,6.874944686454546
6000,104,2.306792422590909
6000,105,3.62371445535
6000,106,2.017156033809524
6000,107,2.793162716318182
6000,108,3.050485901227273
6000,109,2.865552148272727
6000,110,2.9480261482727275
6000,111,3.3221630191363634
6000,112,3.2398911963000003
6000,113,2.177998971095238
6000,114,2.4676329286363634
6000,115,8.898459259136363
6000,116,13.187672861681818
6000,117,1.9511558458636364
6000,118,2.0251934073636364
6000,119,2.5745154695
6000,120,2.714581287952381
6000,121,2.723023543545455
6000,122,2.3558273079545455
6000,123,5.973859707863636
6000,124,3.523327325681818
6000,125,4.001002782045455
6000,126,2.3449379534
6000,127,2.1002349089523813
6000,128,9.951915012863635
6000,129,3.9729161291818182
6000,130,2.805720359909091
6000,131,5.074287244095238
6000,132,3.813347974954546
6000,133,2.8426306291500003
6000,134,2.0841931236190474
6000,135,2.6332616778636364
6000,136,16.843016374772727
6000,137,66.91727007831818
6000,138,32.24719321263637
6000,139,16.491585249181817
6000,140,15.076793208449999
6000,141,1.7174759114285714
6000,142,10.2228189255
6000,143,2.854432931409091
6000,144,3.8567935529090906
6000,145,16.04696097368182
6000,146,3.3914230464545456
6000,147,3.7460010363500005
6000,148,7.9141286740000005
6000,149,2.3544798619090908
6000,150,2.3193157124545456
6000,151,2.5092664707727272
6000,152,11.544063236818182
6000,153,3.7305083099090908
6000,154,2.8666521389
6000,155,3.0601304129523808
6000,156,3.127476356909091
6000,157,3.0742027761363633
6000,158,1.7964683083636366
6000,159,2.168117226090909
6000,160,4.520968944363637
6000,161,5.0055794926
6000,162,45.95050862085714
6000,163,3.056546208772727
6000,164,24.652636941818177
6000,165,5.809203742772727
6000,166,4.203325372818182
6000,167,36.74504506690909
6000,168,326.45583789854993
6000,169,43.8778420042381
6000,170,2.705709096909091
6000,171,1.637042115181818
6000,172,2.211450128409091
6000,173,2.9139587627727277
6000,174,13.266263419
6000,175,3.16995819295
6000,176,2.046750620857143
6000,177,1.5372114165454547
6000,178,23.746673881590905
6000,179,65.0019422405909
6000,180,3.469091916636364
6000,181,3.649479441272727
6000,182,3.9278947736999994
6000,183,25.83204814704762
6000,184,2.1094434522272727
6000,185,16.98788663518182
6000,186,17.050906547727273
6000,187,5.2726965195
6000,188,4.526718918545455
6000,189,3.49925445285
6000,190,9.771375821285714
6000,191,2.0239091444090906
6000,192,46.77254539595454
6000,193,36.08110343354545
6000,194,15.062388314636364
6000,195,3.966424562954545
6000,196,3.82757856695
6000,197,2.0890510947619045
6000,198,3.2739508565000004
6000,199,3.3928615233181816
6000,200,30.176138087227276
6000,201,3.313167683454546
6000,202,3.854158182636364
6000,203,3.1954003074
6000,204,34.096977972761906
6000,205,34.37205909609091
6000,206,14.638151218136363
6000,207,10.817021478681818
6000,208,47.988400040227276
6000,209,4.001314601818182
6000,210,21.816354946750003
6000,211,2.4874356356666665
6000,212,1.5624983505454544
6000,213,10.522612849272727
6000,214,2.5414771976818185
6000,215,2.1297356387727273
6000,216,2.5579817071818183
6000,217,3.275699710736842
6000,226,3.826455506
6000,227,26.87363889168182
6000,228,34.15605639018182
6000,229,29.883719244363636
6000,230,5.7474334275
6000,231,3.6026303613499997
6000,232,9.614012585047618
6000,233,102.75230982736365
6000,234,2.896184856
6000,235,3.7488169145000003
6000,244,2.549225411318182
6000,245,3.0841745935500002
6000,246,4.176679298571428
6000,247,2.848515831
6000,248,2.8960775991363636
6000,249,1.7457336299545454
6000,250,1.3697725865
6000,251,1.614030133909091
6000,252,1.30771188925
6000,253,1.0029823445
6000,255,3.34585050075
6000,256,2.3776096140000003
6000,257,2.467940326681818
6000,258,3.087877401181818
6000,259,2.7903568608000002
6000,260,2.8875310817142856
6000,261,3.247116154909091
6000,262,3.334407972318182
6000,263,10.978396374090908
6000,264,3.5374678798636365
6000,265,14.068587320272728
6000,266,10.59964769385
6000,267,2.9125658722380954
6000,268,10.821556473272727
6000,269,3.0652718534761902
6000,270,3.174278492136364
6000,271,2.837131880409091
6000,272,1.9322901603636362
6000,273,1.5263284341
6000,274,2.309942608285714
6000,275,2.050426848681818
6000,276,22.906726322238097
6000,277,7.711316236272728
6000,278,1.6818908389545455
6000,279,2.1388874015454546
6000,280,2.0485588668421055
6000,281,2.1036915344761904
6000,282,2.7339087812727274
6000,283,3.059580922045454
6000,284,2.572643824681818
6000,285,1.899532885818182
6000,286,1.9792700106818182
6000,287,2.2163648021499998
6000,288,2.517135450857143
6000,289,1.6910067048095239
6000,290,1.8631273656521739
6000,291,1.92421162875
6000,292,2.296225030318182
6000,293,2.7108796019090913
6000,294,4.7954027967999995
6000,295,2.84223222
6000,296,2.544073854136364
6000,297,2.6527503854999996
6000,298,3.2419492665454546
6000,299,2.268117529772727
6000,300,2.949368380727272
6000,301,2.3465839409
6000,302,2.2224618746666667
6000,303,2.488435756272727
6000,304,2.7424455026363637
6000,305,2.0690818582727273
6000,306,2.9511724535454547
6000,307,4.216830821545455
6000,308,2.9132849754
6000,309,2.5387527517142856
6000,310,2.5357015065
6000,311,11.82184190681818
6000,312,2.123850205545455
6000,313,1.929402276125
6000,314,1.6649578675909091
6000,315,1.5938494935555556
6000,316,1.5593824052380953
6000,317,1.7927555321304347
6000,318,2.045609490714286
6000,319,2.6854152881818183
6000,320,3.1101169746842108
6000,321,18.843958503909093
6000,322,5.382703585250001
6000,323,7.585612645238096
6000,324,1.8641966226666664
6000,325,2.5316432055
6000,326,2.6834175659545454
6000,327,2.4352831830454544
6000,328,2.1716285194545453
6000,329,2.30024620895
6000,330,1.8778436715714284
6000,331,1.8347221577272728
6000,332,3.315921650727273
6000,333,2.4070227555454546
6000,334,2.8396039429999997
6000,335,1.7838259058181818
6000,336,1.72569943345
6000,337,1.931236344047619
6000,338,3.083141748772727
6000,339,10.500607707136364
6000,340,1.2289587424090909
6000,341,1.4867855725454546
6000,342,2.0136583089090907
6000,343,2.0179391461000002
6000,344,1.8294983781904763
6000,345,2.443766520681818
6000,346,2.2669675911363636
6000,347,2.3096353951363637
6000,348,2.532195030318182
6000,349,1.7937991683636363
6000,350,2.23817972475
6000,351,1.461574975190476
6000,352,1.6509214618636363
6000,353,6.86750754640909
6000,354,2.0788090029545456
6000,355,2.3384781131818184
6000,356,16.486337203499996
6000,357,1.7876885611
6000,358,1.6280954892380952
6000,359,1.6219059984545454
6000,360,0.9904989991818183
6000,361,1.069716849409091
6000,362,1.297750421681818
6000,363,1.5766438347727272
6000,364,1.4668354155499999
6000,365,0.9711248375238094
